1.201766e+03
9.413769e+02
7.354423e+02
5.800029e+02
4.657667e+02
3.747993e+02
3.020515e+02
2.478353e+02
2.011989e+02
1.651610e+02
1.381743e+02
1.162118e+02
9.786597e+01
8.065261e+01
6.381634e+01
4.859975e+01
3.479018e+01
2.317994e+01
1.417722e+01
7.748146e+00
3.569883e+00
1.274903e+00
2.414873e-01
1.662787e-02
2.032740e-04
5.758233e-08
2.058110e+02
2.330441e+02
2.624939e+02
2.868041e+02
2.958454e+02
2.935655e+02
2.796055e+02
2.650059e+02
2.477070e+02
2.340880e+02
2.154340e+02
2.025058e+02
1.863017e+02
1.730740e+02
1.571222e+02
1.432044e+02
1.317778e+02
1.172081e+02
1.059404e+02
9.465582e+01
8.282162e+01
7.189118e+01
6.240730e+01
5.298886e+01
4.435207e+01
3.628820e+01
2.896530e+01
2.260471e+01
1.642426e+01
1.170303e+01
7.593623e+00
4.423429e+00
2.277139e+00
9.950667e-01
4.984441e-01
3.775327e-01
3.510248e-01
3.438168e-01
3.390574e-01
3.339567e-01
3.285158e-01
3.228018e-01
3.168643e-01
3.107587e-01
3.045125e-01
2.981585e-01
2.917332e-01
2.852342e-01
2.787035e-01
2.721471e-01
2.655581e-01
2.589882e-01
2.524075e-01
2.458278e-01
2.392966e-01
2.327564e-01
2.262450e-01
2.197961e-01
2.133342e-01
2.069215e-01
2.005804e-01
1.942210e-01
1.879215e-01
1.817051e-01
1.754632e-01
1.692791e-01
1.631952e-01
1.570812e-01
1.510053e-01
1.450528e-01
1.390798e-01
1.331055e-01
1.272704e-01
1.214528e-01
1.155838e-01
1.098382e-01
1.041802e-01
9.844380e-02
9.276082e-02
8.723608e-02
8.167577e-02
7.606443e-02
7.061431e-02
6.525424e-02
5.979384e-02
5.438849e-02
4.919363e-02
4.401028e-02
3.876049e-02
3.370343e-02
2.889742e-02
2.410795e-02
1.939539e-02
1.508357e-02
1.117238e-02
7.440102e-03
4.101693e-03
1.734900e-03
5.533771e-04
1.441962e-04
3.418843e-05
7.865420e-06
1.795884e-06
4.096575e-07
9.931351e-08
2.463103e-08
4.893029e-09
4.996868e-09
3.809284e-09
9.093375e+21
2.553589e+21
9.152286e+20
3.569054e+20
1.288589e+20
4.642623e+19
1.685262e+19
6.515398e+18
2.355701e+18
8.483719e+17
3.095315e+17
1.195528e+17
4.305051e+16
1.550441e+16
5.773127e+15
2.185132e+15
7.867503e+14
2.833521e+14
1.085425e+14
3.993240e+13
1.437795e+13
5.201982e+12
1.992415e+12
7.297513e+11
2.627603e+11
9.506987e+10
3.654460e+10
1.335544e+10
4.823281e+09
1.737656e+09
6.679326e+08
2.443575e+08
8.817025e+07
3.177276e+07
1.229679e+07
4.472333e+06
1.617754e+06
5.821640e+05
2.264846e+05
8.262435e+04
2.996321e+04
1.095673e+04
4.291999e+03
1.597420e+03
5.909675e+02
2.434362e+02
1.018884e+02
4.413215e+01
1.686127e+01
5.493131e+00
1.464167e+00
2.199485e-01
1.489367e-02
1.609446e-04
1.581412e-07
8.522146e-09
2.286603e-09
1.677495e-09
1.188575e-09
4.945930e-10
2.413893e-10
2.781360e+00
1.068923e+00
2.781519e-01
2.777778e-02
6.183674e-04
6.999681e-05
1.670613e-05
3.997045e-06
9.558942e-07
2.284297e-07
5.542291e-08
1.339870e-08
3.640385e-09
2.802673e+00
1.073177e+00
2.796419e-01
2.810184e-02
6.272713e-04
7.210143e-05
1.735996e-05
4.190175e-06
1.010326e-06
2.440197e-07
5.893417e-08
1.424660e-08
4.960099e-09
2.824067e+00
1.079778e+00
2.818317e-01
2.825681e-02
6.362769e-04
7.431625e-05
1.805264e-05
4.395581e-06
1.069923e-06
2.613693e-07
6.375669e-08
1.599888e-08
3.910298e-09
2.848305e+00
1.084564e+00
2.821777e-01
2.838266e-02
6.461772e-04
7.665097e-05
1.879201e-05
4.617921e-06
1.133493e-06
2.782787e-07
6.847682e-08
1.684424e-08
4.235298e-09
2.867176e+00
1.092967e+00
2.814171e-01
2.850606e-02
6.560866e-04
7.911573e-05
1.957570e-05
4.854393e-06
1.203138e-06
2.982952e-07
7.406708e-08
1.989781e-08
5.455298e-09
2.888939e+00
1.102068e+00
2.842013e-01
2.863722e-02
6.655281e-04
8.172078e-05
2.041267e-05
5.109595e-06
1.278044e-06
3.200512e-07
8.024061e-08
2.051134e-08
5.288739e-09
2.908937e+00
1.109638e+00
2.875006e-01
2.891663e-02
6.764222e-04
8.447832e-05
2.130625e-05
5.385404e-06
1.360019e-06
3.436300e-07
8.777213e-08
2.305342e-08
7.139210e-09
2.930705e+00
1.122678e+00
2.881142e-01
2.901664e-02
6.872953e-04
8.740067e-05
2.226364e-05
5.682326e-06
1.449426e-06
3.699631e-07
9.472003e-08
2.406278e-08
6.277306e-09
2.949771e+00
1.133807e+00
2.890221e-01
2.913330e-02
6.985483e-04
9.050442e-05
2.328842e-05
6.004761e-06
1.546864e-06
3.984714e-07
1.027961e-07
2.677054e-08
7.003416e-09
2.972475e+00
1.141013e+00
2.935581e-01
2.955999e-02
7.125312e-04
9.380423e-05
2.438786e-05
6.353255e-06
1.653862e-06
4.303351e-07
1.122300e-07
2.981668e-08
8.115637e-09
3.002366e+00
1.144289e+00
2.959941e-01
2.974466e-02
7.242903e-04
9.731775e-05
2.557144e-05
6.732305e-06
1.770710e-06
4.663373e-07
1.226938e-07
3.308067e-08
8.747393e-09
3.022647e+00
1.158515e+00
2.982938e-01
3.001381e-02
7.415785e-04
1.010685e-04
2.684781e-05
7.144224e-06
1.900386e-06
5.053979e-07
1.348022e-07
3.588802e-08
1.047497e-08
3.963828e-09
3.047010e+00
1.170011e+00
3.008593e-01
3.013378e-02
7.517149e-04
1.050766e-04
2.822420e-05
7.595046e-06
2.042042e-06
5.488172e-07
1.477139e-07
4.000656e-08
1.083405e-08
3.818389e-09
3.075598e+00
1.176200e+00
3.030230e-01
3.016930e-02
7.660741e-04
1.093630e-04
2.971510e-05
8.086928e-06
2.199189e-06
5.987953e-07
1.628283e-07
4.435488e-08
1.220027e-08
3.619084e-09
3.093974e+00
1.187702e+00
3.055500e-01
3.059245e-02
8.099235e-04
1.139760e-04
3.133116e-05
8.626718e-06
2.373890e-06
6.538319e-07
1.800979e-07
5.076862e-08
1.388309e-08
4.456116e-09
3.115705e+00
1.200059e+00
3.076902e-01
3.093369e-02
7.990587e-04
1.189147e-04
3.308904e-05
9.220217e-06
2.566606e-06
7.148637e-07
2.001788e-07
5.754160e-08
1.675964e-08
5.057197e-09
3.144082e+00
1.205077e+00
3.100091e-01
3.128704e-02
8.545680e-04
1.242609e-04
3.500453e-05
9.876763e-06
2.782846e-06
7.848329e-07
2.212567e-07
6.314353e-08
1.955965e-08
6.136039e-09
3.166618e+00
1.215062e+00
3.128620e-01
3.134596e-02
8.453548e-04
1.299980e-04
3.709657e-05
1.059922e-05
3.026256e-06
8.630638e-07
2.465510e-07
7.162419e-08
2.096173e-08
5.836281e-09
3.188664e+00
1.220972e+00
3.160543e-01
3.154692e-02
8.616686e-04
1.362172e-04
3.938848e-05
1.140292e-05
3.297745e-06
9.534169e-07
2.756303e-07
8.004140e-08
2.440949e-08
7.700662e-09
3.204668e+00
1.239408e+00
3.158848e-01
3.199707e-02
8.756596e-04
1.429640e-04
4.190444e-05
1.229548e-05
3.603188e-06
1.055709e-06
3.108827e-07
9.098471e-08
2.757450e-08
7.978759e-09
3.235613e+00
1.242099e+00
3.216375e-01
3.196470e-02
8.966920e-04
1.502782e-04
4.467043e-05
1.329060e-05
3.950117e-06
1.173436e-06
3.497951e-07
1.036428e-07
3.241892e-08
9.979437e-09
3.261427e+00
1.247889e+00
3.251965e-01
3.256771e-02
9.280369e-04
1.582266e-04
4.772174e-05
1.440460e-05
4.342554e-06
1.309480e-06
3.944243e-07
1.198503e-07
3.601924e-08
1.159304e-08
3.819745e-09
3.286577e+00
1.260829e+00
3.268494e-01
3.258946e-02
9.451723e-04
1.668653e-04
5.108955e-05
1.565207e-05
4.789091e-06
1.465226e-06
4.491740e-07
1.382544e-07
4.326667e-08
1.378834e-08
4.214697e-09
3.313842e+00
1.274208e+00
3.311637e-01
3.335928e-02
9.742175e-04
1.762592e-04
5.481048e-05
1.705251e-05
5.298979e-06
1.646612e-06
5.118452e-07
1.593078e-07
5.019790e-08
1.583311e-08
6.135051e-09
3.344867e+00
1.292115e+00
3.369523e-01
3.348273e-02
1.002060e-03
1.864348e-04
5.891743e-05
1.862638e-05
5.881676e-06
1.856504e-06
5.867889e-07
1.851928e-07
5.836168e-08
1.857260e-08
6.606625e-09
3.379734e+00
1.318928e+00
3.422275e-01
3.462499e-02
1.038262e-03
1.973970e-04
6.343446e-05
2.038849e-05
6.544532e-06
2.100153e-06
6.748701e-07
2.182866e-07
7.029255e-08
2.401508e-08
8.260583e-09
3.450299e+00
1.344298e+00
3.483583e-01
3.490229e-02
1.068835e-03
2.090961e-04
6.836762e-05
2.235471e-05
7.300601e-06
2.385283e-06
7.787923e-07
2.547842e-07
8.333932e-08
2.773394e-08
1.032194e-08
3.501998e-09
3.507867e+00
1.406705e+00
3.646865e-01
3.599682e-02
1.105331e-03
2.213465e-04
7.368632e-05
2.452730e-05
8.153664e-06
2.710368e-06
9.007502e-07
2.994888e-07
9.948023e-08
3.416176e-08
1.166231e-08
4.880492e-09
3.620385e+00
1.482334e+00
3.824238e-01
3.741943e-02
1.144292e-03
2.337851e-04
7.928933e-05
2.688406e-05
9.102850e-06
3.081344e-06
1.043799e-06
3.532289e-07
1.201077e-07
4.082987e-08
1.440403e-08
5.459846e-09
3.810933e+00
1.579722e+00
4.069586e-01
4.020222e-02
1.215629e-03
2.457700e-04
8.496276e-05
2.936102e-05
1.013257e-05
3.495562e-06
1.205838e-06
4.163645e-07
1.435621e-07
4.971797e-08
1.743573e-08
6.713871e-09
4.104682e+00
1.668711e+00
4.392718e-01
4.318861e-02
1.259961e-03
2.562206e-04
9.032776e-05
3.183104e-05
1.120169e-05
3.940337e-06
1.386013e-06
4.874664e-07
1.718941e-07
6.042877e-08
2.168301e-08
9.020315e-09
4.429996e+00
1.804703e+00
4.688098e-01
4.577556e-02
1.281988e-03
2.636577e-04
9.481439e-05
3.408199e-05
1.223518e-05
4.390056e-06
1.575106e-06
5.653954e-07
2.029317e-07
7.354791e-08
2.666950e-08
1.045229e-08
6.841318e-09
4.773669e+00
1.931351e+00
4.986331e-01
4.831215e-02
1.317943e-03
2.664352e-04
9.771722e-05
3.583207e-05
1.312276e-05
4.803885e-06
1.758774e-06
6.441564e-07
2.372120e-07
8.817803e-08
3.526966e-08
1.448625e-08
5.103040e-09
5.096870e+00
2.015407e+00
4.997961e-01
4.884951e-02
1.321087e-03
2.632002e-04
9.840454e-05
3.680022e-05
1.374564e-05
5.132940e-06
1.915758e-06
7.151851e-07
2.670304e-07
1.003353e-07
3.987071e-08
1.622773e-08
6.388811e-09
5.283775e+00
2.015653e+00
4.978828e-01
4.772973e-02
1.298313e-03
2.538301e-04
9.665911e-05
3.684097e-05
1.402615e-05
5.338878e-06
2.031057e-06
7.728045e-07
2.946242e-07
1.122375e-07
4.329340e-08
1.790245e-08
8.864662e-09
5.300012e+00
1.937114e+00
4.678957e-01
4.464603e-02
1.197597e-03
2.397702e-04
9.288205e-05
3.604479e-05
1.397450e-05
5.415780e-06
2.099165e-06
8.128980e-07
3.157643e-07
1.225769e-07
4.729676e-08
1.925895e-08
9.762289e-09
5.147048e+00
1.808279e+00
4.243454e-01
4.102552e-02
1.125100e-03
2.234305e-04
8.793320e-05
3.470413e-05
1.368427e-05
5.394409e-06
2.126673e-06
8.375560e-07
3.305755e-07
1.318580e-07
5.251932e-08
2.022808e-08
8.084387e-09
4.870430e+00
1.661412e+00
3.875276e-01
3.815786e-02
1.064056e-03
2.072315e-04
8.274177e-05
3.316602e-05
1.328514e-05
5.318390e-06
2.129574e-06
8.530493e-07
3.414583e-07
1.371220e-07
5.467297e-08
2.190086e-08
9.323031e-09
4.562689e+00
1.513839e+00
3.558445e-01
3.585984e-02
1.011017e-03
1.927150e-04
7.796753e-05
3.170326e-05
1.288208e-05
5.232986e-06
2.125911e-06
8.636186e-07
3.506048e-07
1.422745e-07
5.788252e-08
2.397532e-08
9.951462e-09
4.240790e+00
1.396458e+00
3.331298e-01
3.424776e-02
9.671870e-04
1.805242e-04
7.392428e-05
3.045780e-05
1.254045e-05
5.162278e-06
2.125128e-06
8.748512e-07
3.599074e-07
1.491299e-07
6.092105e-08
2.568417e-08
1.075387e-08
4.956268e-09
3.945413e+00
1.305081e+00
3.137745e-01
3.321170e-02
9.361815e-04
1.708012e-04
7.072368e-05
2.949605e-05
1.229434e-05
5.123432e-06
2.134336e-06
8.902614e-07
3.702630e-07
1.546294e-07
6.456640e-08
2.875786e-08
1.180886e-08
4.717915e-09
3.688052e+00
1.225286e+00
3.052645e-01
3.245089e-02
9.183108e-04
1.632343e-04
6.829739e-05
2.880749e-05
1.214405e-05
5.118209e-06
2.157615e-06
9.096856e-07
3.828502e-07
1.621679e-07
6.808803e-08
2.876088e-08
1.229038e-08
6.365615e-09
3.465211e+00
1.165582e+00
2.982276e-01
3.197917e-02
9.014117e-04
1.575822e-04
6.658077e-05
2.838176e-05
1.209280e-05
5.151059e-06
2.194489e-06
9.340768e-07
3.989257e-07
1.695323e-07
7.244581e-08
3.140669e-08
1.385729e-08
6.514973e-09
3.276359e+00
1.116493e+00
2.924897e-01
3.163370e-02
8.901670e-04
1.536593e-04
6.552798e-05
2.821242e-05
1.214132e-05
5.223354e-06
2.247604e-06
9.671778e-07
4.158448e-07
1.787024e-07
7.745661e-08
3.315562e-08
1.547792e-08
6.967276e-09
3.114974e+00
1.079707e+00
2.887168e-01
3.138521e-02
8.843437e-04
1.511330e-04
6.502960e-05
2.826435e-05
1.227901e-05
5.333174e-06
2.317066e-06
1.005912e-06
4.368929e-07
1.895973e-07
8.239600e-08
3.601903e-08
1.636860e-08
6.976887e-09
2.977654e+00
1.047732e+00
2.857185e-01
3.107397e-02
8.793098e-04
1.498342e-04
6.502663e-05
2.851876e-05
1.250233e-05
5.479515e-06
2.401919e-06
1.052320e-06
4.616079e-07
2.021863e-07
8.853549e-08
3.906557e-08
1.723375e-08
7.476795e-09
2.852905e+00
1.026647e+00
2.826795e-01
3.092211e-02
8.773751e-04
1.497059e-04
6.552636e-05
2.898866e-05
1.281902e-05
5.668052e-06
2.505547e-06
1.108156e-06
4.895944e-07
2.164071e-07
9.561548e-08
4.297360e-08
1.884372e-08
8.470934e-09
2.748181e+00
1.007915e+00
2.806858e-01
3.070702e-02
8.786794e-04
1.507650e-04
6.653269e-05
2.968238e-05
1.323685e-05
5.902204e-06
2.631183e-06
1.173018e-06
5.234989e-07
2.330390e-07
1.039299e-07
4.635636e-08
2.082928e-08
9.309841e-09
2.660076e+00
9.891960e-01
2.788558e-01
3.054377e-02
8.849904e-04
1.528777e-04
6.802482e-05
3.059815e-05
1.375773e-05
6.184586e-06
2.780309e-06
1.249647e-06
5.618163e-07
2.522668e-07
1.141168e-07
5.105860e-08
2.361477e-08
1.093993e-08
2.577677e+00
9.775239e-01
2.771252e-01
3.047466e-02
8.825800e-04
1.560756e-04
7.001358e-05
3.174675e-05
1.438931e-05
6.521412e-06
2.954677e-06
1.339307e-06
6.070898e-07
2.747445e-07
1.247059e-07
5.661653e-08
2.594132e-08
1.257371e-08
2.506243e+00
9.672586e-01
2.757475e-01
3.028960e-02
8.886880e-04
1.606024e-04
7.263724e-05
3.319945e-05
1.516790e-05
6.928690e-06
3.164535e-06
1.445461e-06
6.604692e-07
3.015121e-07
1.376121e-07
6.359962e-08
2.890397e-08
1.324056e-08
2.444127e+00
9.567885e-01
2.745549e-01
3.016031e-02
8.954277e-04
1.665151e-04
7.592995e-05
3.497935e-05
1.610812e-05
7.416276e-06
3.414085e-06
1.572244e-06
7.234920e-07
3.330543e-07
1.535994e-07
7.091096e-08
3.267868e-08
1.536141e-08
2.387845e+00
9.526109e-01
2.731922e-01
3.002555e-02
9.065930e-04
1.740586e-04
8.003314e-05
3.716222e-05
1.724906e-05
8.004555e-06
3.714712e-06
1.723386e-06
7.996864e-07
3.709706e-07
1.722212e-07
8.060309e-08
3.724199e-08
1.720476e-08
2.340119e+00
9.468059e-01
2.721525e-01
2.988131e-02
9.186685e-04
1.835037e-04
8.507434e-05
3.982710e-05
1.863366e-05
8.716558e-06
4.077240e-06
1.906878e-06
8.922104e-07
4.171332e-07
1.950237e-07
9.127809e-08
4.313456e-08
1.993273e-08
2.296389e+00
9.453207e-01
2.711744e-01
2.975464e-02
9.372129e-04
1.956917e-04
9.156405e-05
4.320156e-05
2.037722e-05
9.609802e-06
4.531461e-06
2.137454e-06
1.007436e-06
4.749402e-07
2.244096e-07
1.055350e-07
4.987159e-08
2.385644e-08
2.262636e+00
9.433057e-01
2.708197e-01
2.963824e-02
9.611241e-04
2.111297e-04
9.966812e-05
4.742507e-05
2.255663e-05
1.072677e-05
5.100290e-06
2.425197e-06
1.153122e-06
5.480892e-07
2.608052e-07
1.240801e-07
5.893518e-08
2.803941e-08
1.330399e-08
2.235268e+00
9.474610e-01
2.706562e-01
2.954857e-02
9.939089e-04
2.310811e-04
1.101217e-04
5.285602e-05
2.535897e-05
1.216363e-05
5.834093e-06
2.798017e-06
1.341768e-06
6.435683e-07
3.085907e-07
1.481466e-07
7.172103e-08
3.477608e-08
1.643019e-08
2.220222e+00
9.526073e-01
2.709479e-01
2.944020e-02
1.037229e-03
2.575213e-04
1.239569e-04
6.004376e-05
2.907143e-05
1.407233e-05
6.811103e-06
3.296356e-06
1.595378e-06
7.720938e-07
3.741930e-07
1.808169e-07
8.749210e-08
4.262281e-08
2.091756e-08
2.216553e+00
9.653932e-01
2.725547e-01
2.939099e-02
1.099040e-03
2.934395e-04
1.427778e-04
6.984231e-05
3.414775e-05
1.669179e-05
8.158075e-06
3.986979e-06
1.948875e-06
9.521740e-07
4.655022e-07
2.274681e-07
1.111660e-07
5.465921e-08
2.652958e-08
2.235703e+00
9.729004e-01
2.750508e-01
2.941748e-02
1.188714e-03
3.439543e-04
1.693507e-04
8.373529e-05
4.138039e-05
2.044390e-05
1.009904e-05
4.988365e-06
2.463903e-06
1.217047e-06
6.011304e-07
2.969146e-07
1.466285e-07
7.255853e-08
3.584580e-08
1.770403e-08
2.290062e+00
9.939713e-01
2.755845e-01
2.950897e-02
1.325195e-03
4.166919e-04
2.078920e-04
1.040372e-04
5.203255e-05
2.601533e-05
1.300525e-05
6.500893e-06
3.249462e-06
1.624522e-06
8.118532e-07
4.057784e-07
2.033905e-07
1.013975e-07
5.072556e-08
2.544317e-08
2.331712e+00
1.019063e+00
2.792142e-01
2.998673e-02
1.519171e-03
5.251961e-04
2.659592e-04
1.349663e-04
6.843874e-05
3.469162e-05
1.758204e-05
8.909944e-06
4.515060e-06
2.287891e-06
1.159431e-06
5.875117e-07
2.976531e-07
1.512189e-07
7.649685e-08
3.914588e-08
2.363906e+00
1.060265e+00
2.857056e-01
3.076700e-02
1.824471e-03
6.916013e-04
3.564853e-04
1.838998e-04
9.478982e-05
4.883797e-05
2.515701e-05
1.295720e-05
6.673286e-06
3.436782e-06
1.769953e-06
9.115334e-07
4.694248e-07
2.420895e-07
1.245044e-07
6.421574e-08
3.360962e-08
2.468187e+00
1.120497e+00
2.959471e-01
3.203757e-02
2.289937e-03
9.472734e-04
4.986664e-04
2.624588e-04
1.380011e-04
7.252363e-05
3.810300e-05
2.001599e-05
1.051388e-05
5.522441e-06
2.900593e-06
1.523528e-06
8.001932e-07
4.202494e-07
2.207934e-07
1.162326e-07
6.090388e-08
3.201520e-08
2.640899e+00
1.202853e+00
3.136083e-01
3.433953e-02
2.986022e-03
1.344394e-03
7.261125e-04
3.917537e-04
2.111104e-04
1.136926e-04
6.120785e-05
3.294603e-05
1.773187e-05
9.543123e-06
5.135721e-06
2.763998e-06
1.487417e-06
8.004887e-07
4.306965e-07
2.317436e-07
1.251506e-07
6.746525e-08
2.906452e+00
1.293371e+00
3.331878e-01
3.721103e-02
3.999862e-03
1.947926e-03
1.085451e-03
6.037893e-04
3.354002e-04
1.861715e-04
1.032959e-04
5.729964e-05
3.178100e-05
1.762586e-05
9.774981e-06
5.420778e-06
3.006271e-06
1.667147e-06
9.246584e-07
5.127143e-07
2.842821e-07
1.577091e-07
8.736523e-08
3.223058e+00
1.383308e+00
3.512942e-01
4.049819e-02
5.399820e-03
2.842859e-03
1.644535e-03
9.492391e-04
5.470748e-04
3.150235e-04
1.813113e-04
1.043242e-04
6.001679e-05
3.452401e-05
1.985845e-05
1.142264e-05
6.570009e-06
3.778871e-06
2.173385e-06
1.250246e-06
7.191167e-07
4.134705e-07
2.378182e-07
1.374944e-07
7.861622e-08
3.538298e+00
1.439675e+00
3.643274e-01
4.385209e-02
7.273128e-03
4.125871e-03
2.492835e-03
1.502616e-03
9.043146e-04
5.437373e-04
3.267536e-04
1.962949e-04
1.178996e-04
7.080551e-05
4.251932e-05
2.553249e-05
1.533155e-05
9.205966e-06
5.527972e-06
3.319144e-06
1.993008e-06
1.196712e-06
7.186631e-07
4.314028e-07
2.591211e-07
1.554990e-07
3.770596e+00
1.476424e+00
3.675668e-01
4.701017e-02
9.712914e-03
5.889567e-03
3.735842e-03
2.364461e-03
1.494277e-03
9.434835e-04
5.953785e-04
3.755773e-04
2.368695e-04
1.493689e-04
9.418300e-05
5.938289e-05
3.744011e-05
2.360490e-05
1.488164e-05
9.382518e-06
5.915220e-06
3.729058e-06
2.351095e-06
1.482224e-06
9.345120e-07
5.893377e-07
3.713370e-07
2.342698e-07
3.901633e+00
1.471042e+00
3.641512e-01
4.974155e-02
1.267918e-02
8.189418e-03
5.474162e-03
3.651659e-03
2.433055e-03
1.619624e-03
1.077628e-03
7.167639e-04
4.766362e-04
3.169085e-04
2.106875e-04
1.400605e-04
9.310530e-05
6.189013e-05
4.113936e-05
2.734581e-05
1.817692e-05
1.208227e-05
8.030969e-06
5.338438e-06
3.548295e-06
2.358478e-06
1.567852e-06
1.041940e-06
6.926687e-07
4.604874e-07
3.059700e-07
3.927992e+00
1.438365e+00
3.586018e-01
5.286538e-02
1.602679e-02
1.100288e-02
7.756960e-03
5.462982e-03
3.843357e-03
2.702315e-03
1.899259e-03
1.334481e-03
9.374703e-04
6.584841e-04
4.624805e-04
3.247984e-04
2.280945e-04
1.601779e-04
1.124813e-04
7.898629e-05
5.546491e-05
3.894769e-05
2.734894e-05
1.920446e-05
1.348529e-05
9.469231e-06
6.649389e-06
4.669057e-06
3.278595e-06
2.302142e-06
1.616576e-06
1.135232e-06
7.971473e-07
5.597169e-07
3.872131e+00
1.402409e+00
3.536712e-01
5.584177e-02
1.946101e-02
1.413206e-02
1.049625e-02
7.798567e-03
5.788263e-03
4.295394e-03
3.186778e-03
2.363895e-03
1.753141e-03
1.300222e-03
9.642261e-04
7.150242e-04
5.302531e-04
3.931788e-04
2.915410e-04
2.161740e-04
1.602888e-04
1.188502e-04
8.812402e-05
6.534112e-05
4.844827e-05
3.592265e-05
2.663534e-05
1.974909e-05
1.464327e-05
1.085737e-05
8.050316e-06
5.969019e-06
4.425734e-06
3.281573e-06
2.433117e-06
1.804101e-06
1.337639e-06
9.917718e-07
7.354245e-07
3.780690e+00
1.356749e+00
3.519782e-01
5.945836e-02
2.246715e-02
1.718667e-02
1.342626e-02
1.048654e-02
8.188349e-03
6.393325e-03
4.991576e-03
3.897062e-03
3.042500e-03
2.375309e-03
1.854387e-03
1.447728e-03
1.130245e-03
8.823852e-04
6.888801e-04
5.378101e-04
4.197726e-04
3.277441e-04
2.558706e-04
1.997588e-04
1.559522e-04
1.217523e-04
9.505230e-05
7.420758e-05
5.793406e-05
4.522926e-05
3.531063e-05
2.756709e-05
2.152172e-05
1.680205e-05
1.311743e-05
1.024080e-05
7.995004e-06
6.241728e-06
4.872966e-06
3.804307e-06
2.970025e-06
2.318719e-06
1.810252e-06
1.413250e-06
1.103309e-06
3.684639e+00
1.324223e+00
3.464241e-01
6.004755e-02
2.448873e-02
1.961951e-02
1.602538e-02
1.309625e-02
1.070327e-02
8.747618e-03
7.148899e-03
5.845605e-03
4.779831e-03
3.907939e-03
3.195926e-03
2.613785e-03
2.137783e-03
1.748535e-03
1.430207e-03
1.169863e-03
9.569317e-04
7.827706e-04
6.403162e-04
5.237930e-04
4.284786e-04
3.505115e-04
2.867333e-04
2.345614e-04
1.918831e-04
1.569707e-04
1.284109e-04
1.050476e-04
8.593520e-05
7.030023e-05
5.751002e-05
4.704678e-05
3.848730e-05
3.148511e-05
2.575683e-05
2.107081e-05
1.723726e-05
1.410128e-05
1.153574e-05
9.437010e-06
7.720085e-06
6.315587e-06
5.166560e-06
4.226558e-06
3.457654e-06
2.828576e-06
2.313954e-06
1.892989e-06
3.594514e+00
1.296449e+00
3.525171e-01
6.204197e-02
2.513429e-02
2.092755e-02
1.777080e-02
1.510613e-02
1.284356e-02
1.092015e-02
9.287216e-03
7.903366e-03
6.726054e-03
5.725036e-03
4.873663e-03
4.149382e-03
3.532219e-03
3.007260e-03
2.560034e-03
2.180219e-03
1.857089e-03
1.581761e-03
1.347304e-03
1.147637e-03
9.775867e-04
8.327533e-04
7.093919e-04
6.043152e-04
5.148103e-04
4.385671e-04
3.736197e-04
3.182931e-04
2.711616e-04
2.310106e-04
1.968058e-04
1.676665e-04
1.428420e-04
1.216936e-04
1.036765e-04
8.832707e-05
7.525043e-05
6.410983e-05
5.461858e-05
4.653258e-05
3.964378e-05
3.377472e-05
2.877472e-05
2.451476e-05
2.088565e-05
1.779371e-05
1.515946e-05
1.291535e-05
1.100326e-05
9.374399e-06
7.986588e-06
6.804299e-06
5.796970e-06
4.938742e-06
4.207758e-06
3.584755e-06
3.054062e-06
2.601932e-06
3.527547e+00
1.284777e+00
3.516299e-01
6.064089e-02
2.427196e-02
2.085981e-02
1.830194e-02
1.607758e-02
1.413123e-02
1.242054e-02
1.091798e-02
9.605037e-03
8.451798e-03
7.437502e-03
6.546048e-03
5.761976e-03
5.073635e-03
4.467606e-03
3.933069e-03
3.464524e-03
3.051557e-03
2.688009e-03
2.367922e-03
2.086067e-03
1.837851e-03
1.618992e-03
1.426549e-03
1.256951e-03
1.107548e-03
9.759286e-04
8.599703e-04
7.578051e-04
6.677889e-04
5.884744e-04
5.185874e-04
4.570056e-04
4.027408e-04
3.549227e-04
3.127847e-04
2.756516e-04
2.429283e-04
2.140909e-04
1.886777e-04
1.662818e-04
1.465448e-04
1.291510e-04
1.138221e-04
1.003127e-04
8.840712e-05
7.791446e-05
6.866750e-05
6.051791e-05
5.333560e-05
4.700584e-05
4.142736e-05
3.651075e-05
3.217793e-05
2.835912e-05
2.499362e-05
2.202748e-05
1.941345e-05
1.710957e-05
1.507908e-05
1.328968e-05
1.171247e-05
1.032257e-05
9.097492e-06
8.017970e-06
7.066410e-06
6.227842e-06
5.488819e-06
4.837377e-06
4.263318e-06
3.757418e-06
3.311504e-06
3.487413e+00
1.271360e+00
3.484193e-01
5.832401e-02
2.219659e-02
1.952713e-02
1.760804e-02
1.589131e-02
1.434709e-02
1.295617e-02
1.170481e-02
1.057327e-02
9.556078e-03
8.639315e-03
7.811705e-03
7.063681e-03
6.389342e-03
5.779954e-03
5.229336e-03
4.731700e-03
4.280416e-03
3.873029e-03
3.505882e-03
3.173346e-03
2.872541e-03
2.600404e-03
2.354174e-03
2.130767e-03
1.929233e-03
1.746158e-03
1.581376e-03
1.431922e-03
1.296631e-03
1.174153e-03
1.063269e-03
9.628773e-04
8.719815e-04
7.896801e-04
7.151581e-04
6.476781e-04
5.865728e-04
5.312388e-04
4.811298e-04
4.357516e-04
3.946567e-04
3.574401e-04
3.237355e-04
2.932109e-04
2.655661e-04
2.405288e-04
2.178531e-04
1.973162e-04
1.787157e-04
1.618694e-04
1.466115e-04
1.327922e-04
1.202758e-04
1.089394e-04
9.867179e-05
8.937194e-05
8.094888e-05
7.331969e-05
6.640962e-05
6.015098e-05
5.448222e-05
4.934766e-05
4.469705e-05
4.048483e-05
3.666955e-05
3.321385e-05
3.008386e-05
2.724884e-05
2.468095e-05
2.235514e-05
2.024840e-05
1.834031e-05
1.661204e-05
1.504653e-05
1.362867e-05
1.234439e-05
1.118104e-05
1.012747e-05
9.173114e-06
8.308652e-06
7.525706e-06
6.816555e-06
6.174178e-06
5.592391e-06
5.065383e-06
4.588045e-06
4.155703e-06
3.444905e+00
1.255215e+00
3.456597e-01
5.606338e-02
1.944438e-02
1.737523e-02
1.601136e-02
1.476321e-02
1.362039e-02
1.256633e-02
1.159705e-02
1.070505e-02
9.881013e-03
9.122692e-03
8.426950e-03
7.787336e-03
7.191348e-03
6.645779e-03
6.139501e-03
5.675440e-03
5.246064e-03
4.849630e-03
4.483542e-03
4.145420e-03
3.833077e-03
3.543223e-03
3.277291e-03
3.030633e-03
2.802257e-03
2.592530e-03
2.397856e-03
2.218009e-03
2.051506e-03
1.897802e-03
1.755644e-03
1.624183e-03
1.502606e-03
1.390165e-03
1.286168e-03
1.189976e-03
1.101000e-03
1.018696e-03
9.425599e-04
8.721279e-04
8.069707e-04
7.466912e-04
6.909231e-04
6.393273e-04
5.915910e-04
5.474241e-04
5.065592e-04
4.687487e-04
4.337639e-04
4.013929e-04
3.714403e-04
3.437247e-04
3.180791e-04
2.943484e-04
2.723895e-04
2.520698e-04
2.332670e-04
2.158675e-04
1.997666e-04
1.848672e-04
1.710795e-04
1.583207e-04
1.465136e-04
1.355876e-04
1.254765e-04
1.161197e-04
1.074608e-04
9.944781e-05
9.203251e-05
8.517014e-05
7.881968e-05
7.294271e-05
6.750412e-05
6.247109e-05
5.781330e-05
5.350290e-05
4.951387e-05
4.582234e-05
4.240603e-05
3.924448e-05
3.631859e-05
3.361103e-05
3.110513e-05
2.878619e-05
2.664010e-05
2.465406e-05
2.281613e-05
2.111505e-05
1.954098e-05
1.808413e-05
1.673600e-05
1.548835e-05
1.433366e-05
1.326512e-05
1.227624e-05
1.136103e-05
1.051406e-05
9.730278e-06
9.004886e-06
8.333558e-06
7.712365e-06
7.137407e-06
6.605308e-06
6.112938e-06
5.657185e-06
5.235512e-06
3.400702e+00
1.227991e+00
3.383108e-01
5.373843e-02
1.646716e-02
1.483706e-02
1.390000e-02
1.304200e-02
1.222989e-02
1.146830e-02
1.076419e-02
1.010302e-02
9.484081e-03
8.904474e-03
8.361515e-03
7.852729e-03
7.373311e-03
6.927538e-03
6.506847e-03
6.113928e-03
5.744007e-03
5.396916e-03
5.072600e-03
4.767698e-03
4.479777e-03
4.211489e-03
3.959128e-03
3.722028e-03
3.499633e-03
3.290895e-03
3.094187e-03
2.909175e-03
2.735722e-03
2.572645e-03
2.419375e-03
2.275314e-03
2.139898e-03
2.012601e-03
1.892929e-03
1.780419e-03
1.674637e-03
1.575176e-03
1.481654e-03
1.393713e-03
1.311016e-03
1.233248e-03
1.160112e-03
1.091330e-03
1.026529e-03
9.658099e-04
9.085737e-04
8.547512e-04
8.041262e-04
7.565077e-04
7.117162e-04
6.695831e-04
6.299499e-04
5.926674e-04
5.575959e-04
5.246037e-04
4.935669e-04
4.643694e-04
4.369018e-04
4.110612e-04
3.867512e-04
3.638806e-04
3.423641e-04
3.221214e-04
3.030768e-04
2.851594e-04
2.683021e-04
2.524423e-04
2.375208e-04
2.234820e-04
2.102735e-04
1.978463e-04
1.861540e-04
1.751531e-04
1.648027e-04
1.550643e-04
1.459016e-04
1.372806e-04
1.291692e-04
1.215373e-04
1.143565e-04
1.076002e-04
1.012431e-04
9.526179e-05
8.963398e-05
8.433866e-05
7.935628e-05
7.466836e-05
7.025742e-05
6.610709e-05
6.220205e-05
5.852762e-05
5.507040e-05
5.181738e-05
4.875657e-05
4.587657e-05
4.316673e-05
4.061700e-05
3.821782e-05
3.596048e-05
3.383638e-05
3.183781e-05
2.995733e-05
2.818789e-05
2.652297e-05
2.495640e-05
2.348241e-05
2.209540e-05
2.079042e-05
1.956243e-05
1.840704e-05
1.731987e-05
1.629688e-05
1.533440e-05
1.442869e-05
1.357648e-05
1.277465e-05
1.202014e-05
1.131024e-05
1.064226e-05
1.001367e-05
9.422238e-06
8.865804e-06
8.342165e-06
7.849430e-06
7.385871e-06
6.949682e-06
6.539165e-06
6.152993e-06
5.789605e-06
3.328572e+00
1.192346e+00
3.329907e-01
5.124780e-02
1.365578e-02
1.230153e-02
1.168327e-02
1.109794e-02
1.054629e-02
1.002437e-02
9.529450e-03
9.060206e-03
8.613210e-03
8.191430e-03
7.790876e-03
7.407451e-03
7.048229e-03
6.704313e-03
6.379348e-03
6.068523e-03
5.775619e-03
5.495663e-03
5.231115e-03
4.978840e-03
4.739227e-03
4.510762e-03
4.294463e-03
4.088459e-03
3.892527e-03
3.706155e-03
3.528862e-03
3.360188e-03
3.199038e-03
3.046662e-03
2.900027e-03
2.762306e-03
2.630735e-03
2.505506e-03
2.386305e-03
2.272837e-03
2.164819e-03
2.061985e-03
1.964081e-03
1.870866e-03
1.781964e-03
1.697507e-03
1.617039e-03
1.540413e-03
1.467443e-03
1.397952e-03
1.331812e-03
1.268777e-03
1.208747e-03
1.151571e-03
1.097113e-03
1.045244e-03
9.958373e-04
9.487764e-04
9.039486e-04
8.611638e-04
8.204928e-04
7.817477e-04
7.448385e-04
7.096775e-04
6.761815e-04
6.442710e-04
6.138706e-04
5.849086e-04
5.573163e-04
5.310288e-04
5.059841e-04
4.821231e-04
4.593897e-04
4.377304e-04
4.170941e-04
3.974325e-04
3.786993e-04
3.608505e-04
3.438443e-04
3.276407e-04
3.122018e-04
2.974914e-04
2.834749e-04
2.701197e-04
2.573944e-04
2.452692e-04
2.337158e-04
2.227072e-04
2.122176e-04
2.022226e-04
1.926987e-04
1.836236e-04
1.749229e-04
1.666938e-04
1.588443e-04
1.513648e-04
1.442376e-04
1.374462e-04
1.309748e-04
1.248082e-04
1.188915e-04
1.133078e-04
1.079735e-04
1.028904e-04
9.804668e-05
9.343111e-05
8.903286e-05
8.484181e-05
8.084808e-05
7.704237e-05
7.341591e-05
6.996021e-05
6.666720e-05
6.352922e-05
6.053899e-05
5.768961e-05
5.497425e-05
5.238685e-05
4.992114e-05
4.757162e-05
4.533261e-05
4.319907e-05
4.116593e-05
3.922848e-05
3.738226e-05
3.562291e-05
3.394643e-05
3.234881e-05
3.082639e-05
2.937565e-05
2.799318e-05
2.667581e-05
2.542041e-05
2.422410e-05
2.308409e-05
2.199775e-05
2.096254e-05
1.997606e-05
1.903595e-05
1.814017e-05
1.728648e-05
1.647299e-05
1.569780e-05
1.495909e-05
1.425512e-05
1.358427e-05
1.294506e-05
1.233587e-05
1.175533e-05
1.120222e-05
1.067500e-05
1.017268e-05
9.693995e-06
9.237798e-06
8.803112e-06
8.388819e-06
7.994096e-06
7.617915e-06
7.259426e-06
6.917840e-06
6.592248e-06
3.220589e+00
1.152948e+00
3.267358e-01
4.990064e-02
1.125639e-02
1.001087e-02
9.607129e-03
9.221610e-03
8.852320e-03
8.499381e-03
8.160755e-03
7.836496e-03
7.525804e-03
7.228052e-03
6.942646e-03
6.669026e-03
6.406661e-03
6.155046e-03
5.913706e-03
5.681799e-03
5.460332e-03
5.246897e-03
5.042463e-03
4.846134e-03
4.657678e-03
4.476762e-03
4.303065e-03
4.136285e-03
3.976131e-03
3.822326e-03
3.674608e-03
3.532724e-03
3.396433e-03
3.265506e-03
3.139724e-03
3.018876e-03
2.902761e-03
2.791188e-03
2.683973e-03
2.580940e-03
2.481922e-03
2.386757e-03
2.295290e-03
2.207375e-03
2.122869e-03
2.041638e-03
1.963551e-03
1.888483e-03
1.816316e-03
1.746935e-03
1.680231e-03
1.616192e-03
1.554479e-03
1.495187e-03
1.438175e-03
1.383355e-03
1.330405e-03
1.279481e-03
1.230810e-03
1.183947e-03
1.138880e-03
1.095540e-03
1.053859e-03
1.013772e-03
9.750083e-04
9.379939e-04
9.023375e-04
8.680431e-04
8.350583e-04
8.033325e-04
7.726281e-04
7.433456e-04
7.151183e-04
6.879670e-04
6.618504e-04
6.367288e-04
6.125641e-04
5.893194e-04
5.669597e-04
5.454508e-04
5.247604e-04
5.048570e-04
4.857106e-04
4.672923e-04
4.495741e-04
4.325293e-04
4.161323e-04
4.003582e-04
3.851834e-04
3.705849e-04
3.565409e-04
3.430300e-04
3.300321e-04
3.175276e-04
3.054239e-04
2.938791e-04
2.827465e-04
2.720363e-04
2.617323e-04
2.518192e-04
2.422821e-04
2.331066e-04
2.242790e-04
2.157861e-04
2.076153e-04
1.997541e-04
1.921909e-04
1.849143e-04
1.779136e-04
1.711781e-04
1.646979e-04
1.584632e-04
1.524647e-04
1.466935e-04
1.411408e-04
1.357986e-04
1.306587e-04
1.257134e-04
1.209554e-04
1.163777e-04
1.119733e-04
1.077357e-04
1.036586e-04
9.973580e-05
9.596154e-05
9.233024e-05
8.883635e-05
8.547479e-05
8.224046e-05
7.912858e-05
7.613449e-05
7.325375e-05
7.048204e-05
6.781526e-05
6.524942e-05
6.278066e-05
6.040534e-05
5.811998e-05
5.592104e-05
5.380535e-05
5.176974e-05
4.981115e-05
4.792668e-05
4.611353e-05
4.436894e-05
4.269045e-05
4.107542e-05
3.952152e-05
3.802639e-05
3.658787e-05
3.520377e-05
3.387203e-05
3.259068e-05
3.135781e-05
3.017158e-05
2.903022e-05
2.793213e-05
2.687543e-05
2.585885e-05
2.488066e-05
2.393947e-05
2.303394e-05
2.216261e-05
2.132429e-05
2.051766e-05
1.974155e-05
1.899478e-05
1.827630e-05
1.758497e-05
1.691983e-05
1.627981e-05
1.566400e-05
1.507150e-05
1.450147e-05
1.395288e-05
1.342516e-05
1.291733e-05
1.242873e-05
1.195865e-05
1.150627e-05
1.107108e-05
1.065232e-05
1.024938e-05
9.861716e-06
9.488717e-06
9.129803e-06
8.784449e-06
8.452235e-06
8.132521e-06
7.824897e-06
7.528946e-06
7.244150e-06
3.090239e+00
1.107795e+00
3.216142e-01
4.913909e-02
9.313880e-03
8.067413e-03
7.799642e-03
7.545281e-03
7.296964e-03
7.061047e-03
6.832240e-03
6.611278e-03
6.397861e-03
6.191702e-03
5.992529e-03
5.800080e-03
5.614106e-03
5.432002e-03
5.258564e-03
5.092201e-03
4.929565e-03
4.772604e-03
4.620829e-03
4.474056e-03
4.331220e-03
4.194307e-03
4.061522e-03
3.933071e-03
3.809291e-03
3.688830e-03
3.572497e-03
3.459932e-03
3.351005e-03
3.245594e-03
3.143578e-03
3.044454e-03
2.949538e-03
2.856792e-03
2.766697e-03
2.680120e-03
2.596227e-03
2.515009e-03
2.435543e-03
2.358644e-03
2.285381e-03
2.214046e-03
2.144973e-03
2.078087e-03
2.013318e-03
1.950596e-03
1.889855e-03
1.831031e-03
1.774061e-03
1.718886e-03
1.665447e-03
1.613689e-03
1.563558e-03
1.515001e-03
1.467968e-03
1.422410e-03
1.378279e-03
1.335531e-03
1.294121e-03
1.254006e-03
1.215145e-03
1.177499e-03
1.141028e-03
1.105696e-03
1.071466e-03
1.037544e-03
1.005736e-03
9.746219e-04
9.444763e-04
9.152690e-04
8.869706e-04
8.595523e-04
8.329866e-04
8.072464e-04
7.823060e-04
7.581402e-04
7.347247e-04
7.120359e-04
6.900512e-04
6.687483e-04
6.481061e-04
6.281038e-04
6.087214e-04
5.899395e-04
5.717394e-04
5.541030e-04
5.370126e-04
5.204512e-04
5.044023e-04
4.888499e-04
4.737787e-04
4.591655e-04
4.451445e-04
4.313817e-04
4.180872e-04
4.052036e-04
3.927181e-04
3.806183e-04
3.688922e-04
3.575283e-04
3.465153e-04
3.358423e-04
3.254987e-04
3.154744e-04
3.057595e-04
2.963443e-04
2.872196e-04
2.783764e-04
2.698060e-04
2.614999e-04
2.534499e-04
2.456482e-04
2.380870e-04
2.307589e-04
2.236567e-04
2.167734e-04
2.101022e-04
2.036367e-04
1.973704e-04
1.912971e-04
1.854110e-04
1.797061e-04
1.741771e-04
1.688183e-04
1.636246e-04
1.585908e-04
1.537121e-04
1.489836e-04
1.444007e-04
1.399589e-04
1.356539e-04
1.314814e-04
1.274373e-04
1.235178e-04
1.197188e-04
1.160368e-04
1.124682e-04
1.090094e-04
1.056570e-04
1.024078e-04
9.925857e-05
9.620625e-05
9.324785e-05
9.038050e-05
8.760135e-05
8.490773e-05
8.229695e-05
7.976650e-05
7.731392e-05
7.493676e-05
7.263271e-05
7.039957e-05
6.823515e-05
6.613721e-05
6.410362e-05
6.213295e-05
6.022286e-05
5.837141e-05
5.657692e-05
5.483759e-05
5.315174e-05
5.151778e-05
4.993402e-05
4.839900e-05
4.691116e-05
4.546909e-05
4.407134e-05
4.271660e-05
4.140346e-05
4.013077e-05
3.889716e-05
3.770151e-05
3.654261e-05
3.541933e-05
3.433062e-05
3.327537e-05
3.225252e-05
3.126116e-05
3.030026e-05
2.936893e-05
2.846619e-05
2.759125e-05
2.674316e-05
2.592118e-05
2.512446e-05
2.435221e-05
2.360372e-05
2.287823e-05
2.217506e-05
2.149348e-05
2.083287e-05
2.019256e-05
1.957196e-05
1.897040e-05
1.838732e-05
1.782222e-05
1.727443e-05
1.674351e-05
1.622893e-05
1.573010e-05
1.524667e-05
1.477807e-05
1.432386e-05
1.388364e-05
1.345694e-05
1.304336e-05
1.264248e-05
1.225392e-05
1.187732e-05
1.151230e-05
1.115848e-05
1.081554e-05
1.048312e-05
1.016096e-05
9.848687e-06
9.545975e-06
9.252613e-06
8.968248e-06
8.692638e-06
8.425484e-06
8.166537e-06
7.915543e-06
7.672293e-06
2.945365e+00
1.067614e+00
3.163823e-01
4.840947e-02
7.878451e-03
6.459749e-03
6.282115e-03
6.113907e-03
5.950500e-03
5.791618e-03
5.637400e-03
5.488740e-03
5.342432e-03
5.200786e-03
5.063093e-03
4.929233e-03
4.799086e-03
4.672541e-03
4.549487e-03
4.429819e-03
4.313436e-03
4.200239e-03
4.090133e-03
3.983028e-03
3.878835e-03
3.776123e-03
3.678139e-03
3.583415e-03
3.489479e-03
3.398622e-03
3.310206e-03
3.224161e-03
3.139892e-03
3.058457e-03
2.979139e-03
2.901935e-03
2.826783e-03
2.753628e-03
2.682414e-03
2.613085e-03
2.545401e-03
2.479776e-03
2.415801e-03
2.353512e-03
2.292862e-03
2.233807e-03
2.176302e-03
2.120307e-03
2.065779e-03
2.012678e-03
1.960966e-03
1.910618e-03
1.861571e-03
1.813580e-03
1.767121e-03
1.721814e-03
1.677686e-03
1.633522e-03
1.592131e-03
1.551371e-03
1.511668e-03
1.472995e-03
1.435323e-03
1.398627e-03
1.362879e-03
1.328405e-03
1.294386e-03
1.261332e-03
1.229131e-03
1.197761e-03
1.167199e-03
1.137425e-03
1.108417e-03
1.080156e-03
1.052622e-03
1.025796e-03
9.996590e-04
9.741937e-04
9.491467e-04
9.250527e-04
9.016167e-04
8.787595e-04
8.563586e-04
8.345694e-04
8.133384e-04
7.926511e-04
7.724934e-04
7.528515e-04
7.337121e-04
7.150622e-04
6.968891e-04
6.791805e-04
6.619243e-04
6.449745e-04
6.286035e-04
6.126389e-04
5.970817e-04
5.819215e-04
5.671480e-04
5.527512e-04
5.387216e-04
5.250496e-04
5.117260e-04
4.987419e-04
4.860886e-04
4.737576e-04
4.617405e-04
4.500294e-04
4.386164e-04
4.274939e-04
4.166543e-04
4.060905e-04
3.957955e-04
3.857622e-04
3.759841e-04
3.664546e-04
3.571673e-04
3.481160e-04
3.392947e-04
3.306976e-04
3.223189e-04
3.141530e-04
3.061946e-04
2.984382e-04
2.908788e-04
2.835112e-04
2.762053e-04
2.692548e-04
2.624362e-04
2.557906e-04
2.493136e-04
2.430009e-04
2.368484e-04
2.308520e-04
2.250076e-04
2.193115e-04
2.137598e-04
2.083489e-04
2.030752e-04
1.979352e-04
1.929254e-04
1.880427e-04
1.832837e-04
1.786454e-04
1.741246e-04
1.697183e-04
1.654237e-04
1.612380e-04
1.571582e-04
1.531818e-04
1.493062e-04
1.455287e-04
1.418470e-04
1.382584e-04
1.347607e-04
1.313517e-04
1.280289e-04
1.247903e-04
1.216337e-04
1.185570e-04
1.155582e-04
1.126353e-04
1.097865e-04
1.070097e-04
1.043033e-04
1.016653e-04
9.909412e-05
9.658800e-05
9.414531e-05
9.176448e-05
8.944385e-05
8.718198e-05
8.497733e-05
8.282847e-05
8.073399e-05
7.869251e-05
7.670267e-05
7.476319e-05
7.287277e-05
7.103019e-05
6.923421e-05
6.748369e-05
6.577744e-05
6.411435e-05
6.249332e-05
6.091330e-05
5.937327e-05
5.787216e-05
5.640903e-05
5.498291e-05
5.359289e-05
5.223799e-05
5.091736e-05
4.963012e-05
4.837547e-05
4.715251e-05
4.596052e-05
4.479866e-05
4.366616e-05
4.256231e-05
4.148639e-05
4.043765e-05
3.941547e-05
3.841908e-05
3.744793e-05
3.650131e-05
3.557866e-05
3.467930e-05
3.380271e-05
3.294826e-05
3.211544e-05
3.130363e-05
3.051239e-05
2.973801e-05
2.898670e-05
2.825405e-05
2.753990e-05
2.684380e-05
2.616529e-05
2.550393e-05
2.485930e-05
2.423100e-05
2.361855e-05
2.302157e-05
2.243970e-05
2.187252e-05
2.131970e-05
2.078086e-05
2.025563e-05
1.974369e-05
1.924466e-05
1.875827e-05
1.828415e-05
1.782206e-05
1.737162e-05
1.693255e-05
1.650461e-05
1.608747e-05
1.568090e-05
1.528456e-05
1.489827e-05
1.452175e-05
1.415471e-05
1.379701e-05
1.344829e-05
1.310842e-05
1.277712e-05
1.245419e-05
1.213943e-05
1.183266e-05
1.153360e-05
1.124211e-05
1.095799e-05
1.068106e-05
1.041114e-05
1.014799e-05
9.891519e-06
9.641550e-06
9.397896e-06
9.160363e-06
8.928898e-06
8.703208e-06
8.483267e-06
8.268872e-06
8.059893e-06
2.787557e+00
1.032524e+00
3.111451e-01
4.796061e-02
6.849153e-03
5.188592e-03
5.067949e-03
4.955292e-03
4.845298e-03
4.736793e-03
4.632136e-03
4.529454e-03
4.430322e-03
4.332269e-03
4.236836e-03
4.143611e-03
4.052925e-03
3.963870e-03
3.876935e-03
3.791993e-03
3.708995e-03
3.627893e-03
3.548638e-03
3.470150e-03
3.394974e-03
3.321005e-03
3.248708e-03
3.178043e-03
3.108971e-03
3.041452e-03
2.974619e-03
2.910254e-03
2.847190e-03
2.785461e-03
2.726123e-03
2.666747e-03
2.609114e-03
2.552763e-03
2.497662e-03
2.443783e-03
2.391097e-03
2.339576e-03
2.288749e-03
2.239518e-03
2.191340e-03
2.144224e-03
2.098143e-03
2.052522e-03
2.008720e-03
1.965613e-03
1.923450e-03
1.882209e-03
1.841870e-03
1.802412e-03
1.763173e-03
1.725586e-03
1.688663e-03
1.652543e-03
1.617210e-03
1.582644e-03
1.548830e-03
1.515445e-03
1.483188e-03
1.451530e-03
1.420558e-03
1.390507e-03
1.360393e-03
1.331452e-03
1.303076e-03
1.275313e-03
1.248149e-03
1.221571e-03
1.195566e-03
1.170121e-03
1.145223e-03
1.120862e-03
1.097024e-03
1.073699e-03
1.050875e-03
1.028542e-03
1.006742e-03
9.853444e-04
9.644170e-04
9.439382e-04
9.238983e-04
9.042878e-04
8.850971e-04
8.663172e-04
8.479392e-04
8.299543e-04
8.123538e-04
7.950177e-04
7.781949e-04
7.617004e-04
7.455581e-04
7.295606e-04
7.141784e-04
6.990501e-04
6.842444e-04
6.697544e-04
6.556472e-04
6.417501e-04
6.281655e-04
6.148702e-04
6.018579e-04
5.891226e-04
5.766583e-04
5.644593e-04
5.525196e-04
5.408338e-04
5.293964e-04
5.182022e-04
5.072458e-04
4.965222e-04
4.860264e-04
4.757534e-04
4.656986e-04
4.558572e-04
4.462247e-04
4.367966e-04
4.275685e-04
4.185362e-04
4.096954e-04
4.010421e-04
3.925722e-04
3.842819e-04
3.761673e-04
3.682247e-04
3.604504e-04
3.528407e-04
3.453922e-04
3.381015e-04
3.309652e-04
3.239799e-04
3.171426e-04
3.104499e-04
3.038989e-04
2.974866e-04
2.912099e-04
2.850660e-04
2.790521e-04
2.731654e-04
2.674032e-04
2.617628e-04
2.562417e-04
2.508373e-04
2.455472e-04
2.403689e-04
2.353001e-04
2.303384e-04
2.254815e-04
2.207272e-04
2.160735e-04
2.115180e-04
2.070587e-04
2.026937e-04
1.984208e-04
1.942382e-04
1.901439e-04
1.861361e-04
1.822129e-04
1.783725e-04
1.746132e-04
1.709332e-04
1.673310e-04
1.638047e-04
1.603529e-04
1.569740e-04
1.536663e-04
1.504284e-04
1.472589e-04
1.441562e-04
1.411190e-04
1.381458e-04
1.352095e-04
1.323619e-04
1.295734e-04
1.268439e-04
1.241718e-04
1.215562e-04
1.189956e-04
1.164891e-04
1.140355e-04
1.116335e-04
1.092822e-04
1.069805e-04
1.047273e-04
1.025216e-04
1.003624e-04
9.824879e-05
9.617965e-05
9.415412e-05
9.217136e-05
9.023035e-05
8.833021e-05
8.647015e-05
8.464930e-05
8.286683e-05
8.112188e-05
7.941375e-05
7.774158e-05
7.610463e-05
7.450223e-05
7.293356e-05
7.139791e-05
6.989466e-05
6.842308e-05
6.698248e-05
6.554751e-05
6.417409e-05
6.282303e-05
6.150037e-05
6.020561e-05
5.893815e-05
5.769738e-05
5.648273e-05
5.529362e-05
5.412962e-05
5.299013e-05
5.187461e-05
5.078262e-05
4.971360e-05
4.866707e-05
4.764265e-05
4.663976e-05
4.565797e-05
4.469689e-05
4.375607e-05
4.283500e-05
4.193336e-05
4.105073e-05
4.018665e-05
3.934077e-05
3.851270e-05
3.770205e-05
3.690852e-05
3.613167e-05
3.537116e-05
3.462666e-05
3.389788e-05
3.318442e-05
3.248595e-05
3.180222e-05
3.113287e-05
3.047760e-05
2.983619e-05
2.920824e-05
2.859349e-05
2.799168e-05
2.740255e-05
2.682586e-05
2.626127e-05
2.570858e-05
2.516752e-05
2.463785e-05
2.411934e-05
2.361173e-05
2.311479e-05
2.262833e-05
2.215211e-05
2.168592e-05
2.122958e-05
2.078277e-05
2.034537e-05
1.991724e-05
1.949807e-05
1.908775e-05
1.868608e-05
1.829283e-05
1.790783e-05
1.753100e-05
1.716208e-05
1.680090e-05
1.644734e-05
1.610121e-05
1.576237e-05
1.543068e-05
1.510595e-05
1.478810e-05
1.447689e-05
1.417222e-05
1.387399e-05
1.358205e-05
1.329624e-05
1.301642e-05
1.274252e-05
1.247437e-05
1.221187e-05
1.195489e-05
1.170328e-05
1.145704e-05
1.121597e-05
1.097992e-05
1.074887e-05
1.052271e-05
1.030128e-05
1.008449e-05
9.872275e-06
9.664561e-06
9.461170e-06
9.262071e-06
9.067202e-06
8.876403e-06
8.689619e-06
8.506759e-06
8.327762e-06
