1.065819e+03
7.773067e+02
5.396584e+02
3.501498e+02
2.072723e+02
1.116332e+02
5.684662e+01
3.092234e+01
1.782979e+01
8.931402e+00
2.981200e+00
4.638251e-01
2.315151e-02
1.010870e-04
1.155967e-08
7.266529e-09
6.790636e+21
2.402935e+21
8.156519e+20
2.852220e+20
9.774993e+19
3.553849e+19
1.296600e+19
4.993941e+18
1.797792e+18
6.515058e+17
2.382083e+17
9.126290e+16
3.285447e+16
1.191333e+16
4.424725e+15
1.667783e+15
6.004157e+14
2.177205e+14
8.416359e+13
3.047796e+13
1.097263e+13
3.978932e+12
1.543886e+12
5.569729e+11
2.005267e+11
7.271737e+10
2.830916e+10
1.017891e+10
3.664958e+09
1.329116e+09
5.174106e+08
1.860550e+08
6.699859e+07
2.433383e+07
9.492964e+06
3.405939e+06
1.232673e+06
4.482106e+05
1.741974e+05
6.300739e+04
2.286929e+04
8.453217e+03
3.308291e+03
1.222985e+03
4.520805e+02
1.902445e+02
7.779092e+01
3.479437e+01
1.256983e+01
4.220212e+00
9.843248e-01
1.336567e-01
5.905388e-03
1.913710e-05
4.558324e-09
4.511252e-09
3.042538e-09
6.866454e-09
3.982839e-09
1.896749e-09
1.161852e+00
2.446983e-01
2.496319e-02
3.672233e-04
9.260793e-08
2.250308e-09
1.168842e+00
2.479928e-01
2.500119e-02
3.686099e-04
9.315469e-08
1.529877e-09
1.179627e+00
2.483120e-01
2.513312e-02
3.693478e-04
9.536025e-08
3.541288e-09
1.188198e+00
2.504693e-01
2.528223e-02
3.694762e-04
1.464017e-07
2.003893e-09
1.195974e+00
2.546351e-01
2.563819e-02
3.707116e-04
9.366137e-08
4.316485e-10
1.208631e+00
2.531012e-01
2.524286e-02
3.816592e-04
9.462922e-08
2.276676e-09
1.216624e+00
2.565391e-01
2.560490e-02
3.758420e-04
9.562130e-08
1.173972e-09
1.230209e+00
2.558943e-01
2.576177e-02
3.745591e-04
9.346489e-08
5.778033e-09
1.237697e+00
2.606866e-01
2.588068e-02
3.760997e-04
9.662129e-08
3.748889e-09
1.252755e+00
2.588218e-01
2.602185e-02
3.762463e-04
9.628746e-08
9.175505e-10
1.260074e+00
2.668166e-01
2.617496e-02
3.780407e-04
1.263924e-07
3.287217e-10
1.273617e+00
2.643101e-01
2.623307e-02
3.797723e-04
9.572634e-08
2.420789e-09
1.286897e+00
2.661460e-01
2.621013e-02
3.809469e-04
9.584609e-08
1.018323e-09
1.296062e+00
2.725505e-01
2.659457e-02
3.826697e-04
9.591197e-08
3.055850e-09
1.309917e+00
2.725704e-01
2.676274e-02
3.859811e-04
9.648586e-08
1.758111e-09
1.325361e+00
2.730203e-01
2.691462e-02
3.868705e-04
9.888663e-08
2.630544e-09
1.338205e+00
2.765138e-01
2.703200e-02
3.883402e-04
9.696117e-08
1.684703e-09
1.347616e+00
2.833862e-01
2.751357e-02
3.912919e-04
9.736277e-08
1.776800e-10
1.370614e+00
2.788084e-01
2.742204e-02
3.915877e-04
9.992725e-08
3.235436e-09
1.378039e+00
2.869789e-01
2.764796e-02
3.950105e-04
2.080552e-07
3.661178e-09
1.397853e+00
2.875941e-01
2.754092e-02
3.961689e-04
9.966787e-08
9.269122e-10
1.406675e+00
2.932789e-01
2.827828e-02
3.986779e-04
9.869171e-08
5.254170e-09
1.428348e+00
2.933417e-01
2.806422e-02
4.042722e-04
1.016846e-07
5.287246e-09
1.441399e+00
2.988389e-01
2.850172e-02
4.026119e-04
1.021164e-07
3.982010e-09
1.458674e+00
3.014717e-01
2.858210e-02
4.062889e-04
1.038445e-07
5.494551e-09
1.475336e+00
3.033316e-01
2.864126e-02
4.078267e-04
9.960221e-08
1.177214e-08
5.593125e-09
1.493542e+00
3.059964e-01
2.911489e-02
4.296133e-04
1.048889e-07
7.174560e-10
1.509828e+00
3.103988e-01
2.974606e-02
4.225607e-04
1.033096e-07
4.911741e-10
1.525299e+00
3.169436e-01
2.947537e-02
4.136332e-04
1.039676e-07
6.310043e-10
1.542952e+00
3.182164e-01
3.008059e-02
4.174559e-04
1.048261e-07
4.578421e-09
1.565039e+00
3.186644e-01
3.021765e-02
4.264696e-04
1.089242e-07
4.587760e-09
1.577465e+00
3.261984e-01
3.048164e-02
4.235231e-04
1.045487e-07
2.505286e-09
1.600532e+00
3.251170e-01
3.051221e-02
4.256187e-04
1.051178e-07
6.863477e-09
1.614702e+00
3.325559e-01
3.094298e-02
4.278533e-04
1.048099e-07
3.734385e-10
1.630509e+00
3.383118e-01
3.141872e-02
4.326947e-04
1.047401e-07
3.522186e-09
1.647979e+00
3.430985e-01
3.118555e-02
4.310131e-04
1.048197e-07
2.693233e-09
1.663414e+00
3.467692e-01
3.137543e-02
4.364990e-04
1.074019e-07
2.642234e-09
1.681380e+00
3.510249e-01
3.202626e-02
4.401003e-04
1.066035e-07
1.710382e-09
1.701148e+00
3.527339e-01
3.213612e-02
4.396324e-04
1.068397e-07
3.650943e-09
1.716278e+00
3.607614e-01
3.248124e-02
4.414273e-04
1.126692e-07
3.572492e-09
1.732423e+00
3.653531e-01
3.263494e-02
4.518022e-04
1.061164e-07
5.595677e-09
1.754427e+00
3.662919e-01
3.344694e-02
4.518103e-04
1.065432e-07
8.297256e-09
1.775234e+00
3.736754e-01
3.426645e-02
4.610946e-04
1.116746e-07
7.477997e-10
1.788517e+00
3.866372e-01
3.498030e-02
4.596241e-04
1.163615e-07
4.179763e-09
1.810695e+00
3.927838e-01
3.531535e-02
4.669874e-04
1.096980e-07
6.909540e-09
1.835580e+00
3.996505e-01
3.605156e-02
4.757933e-04
1.163277e-07
7.679044e-09
1.867449e+00
4.058036e-01
3.630331e-02
5.037161e-04
1.175474e-07
9.986104e-09
1.898899e+00
4.153139e-01
3.783335e-02
5.073012e-04
1.176134e-07
5.484087e-10
1.939031e+00
4.251447e-01
3.931693e-02
5.300424e-04
1.208393e-07
2.799202e-09
1.987388e+00
4.344467e-01
4.005928e-02
5.537299e-04
1.428946e-07
4.896486e-09
2.032636e+00
4.487430e-01
4.181812e-02
5.553620e-04
1.205242e-07
4.170806e-09
2.085519e+00
4.624420e-01
4.291323e-02
5.832781e-04
1.329001e-07
1.939740e-09
2.132657e+00
4.850976e-01
4.616637e-02
7.026836e-04
1.850588e-07
4.342186e-09
2.206233e+00
4.950956e-01
4.784534e-02
6.777100e-04
1.836246e-07
1.288218e-08
7.160986e-09
2.275499e+00
5.217362e-01
5.001916e-02
6.526015e-04
1.494036e-07
3.755403e-09
2.349019e+00
5.507355e-01
5.220426e-02
7.374123e-04
1.887730e-07
5.977098e-09
2.436741e+00
5.774092e-01
5.397337e-02
7.527834e-04
1.749915e-07
2.275162e-09
2.536143e+00
6.025292e-01
5.749962e-02
8.232309e-04
2.022079e-07
8.368340e-09
2.633658e+00
6.374405e-01
6.037425e-02
8.509256e-04
1.886057e-07
4.773588e-09
2.746426e+00
6.604219e-01
6.469424e-02
9.486405e-04
2.481332e-07
1.240273e-08
3.480661e-09
2.851937e+00
6.919932e-01
6.851215e-02
9.809555e-04
2.306530e-07
1.133230e-08
2.166570e-09
2.962108e+00
7.156856e-01
7.226019e-02
1.092991e-03
3.192095e-07
2.155829e-09
3.056489e+00
7.544835e-01
7.297222e-02
1.203716e-03
4.219777e-07
9.954596e-09
3.148189e+00
7.810602e-01
7.982622e-02
1.249041e-03
4.016926e-07
1.685474e-09
3.244330e+00
8.001561e-01
8.137100e-02
1.372710e-03
5.611923e-07
1.255055e-08
8.492578e-09
3.319598e+00
8.278201e-01
8.085268e-02
1.410640e-03
6.233671e-07
9.250552e-09
3.378845e+00
8.469824e-01
8.329071e-02
1.363848e-03
5.055303e-07
1.457990e-08
1.977004e-08
5.119249e-10
3.432630e+00
8.578767e-01
7.942535e-02
1.182137e-03
3.063647e-07
1.194179e-08
5.440431e-09
3.451559e+00
8.543170e-01
8.380132e-02
1.256535e-03
5.887685e-07
6.941782e-09
3.484005e+00
8.394638e-01
7.851418e-02
1.188795e-03
3.156508e-07
8.185746e-09
3.460718e+00
8.173594e-01
7.466549e-02
1.097016e-03
2.976483e-07
7.015441e-10
3.420062e+00
7.810578e-01
6.952380e-02
9.329060e-04
2.033430e-07
3.043472e-09
3.351718e+00
7.229132e-01
6.389012e-02
8.618572e-04
2.011812e-07
4.761732e-09
3.237115e+00
6.717007e-01
5.908324e-02
7.638335e-04
1.664563e-07
3.008476e-09
3.113218e+00
6.113699e-01
5.192495e-02
6.748376e-04
1.465230e-07
5.586618e-10
2.954942e+00
5.669377e-01
4.802642e-02
6.111416e-04
1.403558e-07
1.792456e-09
2.805081e+00
5.183625e-01
4.444522e-02
5.874115e-04
1.328534e-07
3.124638e-09
2.650385e+00
4.822386e-01
4.143393e-02
5.623610e-04
1.249942e-07
5.280223e-09
2.502796e+00
4.536629e-01
3.971834e-02
5.347942e-04
1.171506e-07
5.257151e-09
2.373801e+00
4.221630e-01
3.855864e-02
5.214909e-04
1.182735e-07
3.984613e-09
2.257908e+00
3.978364e-01
3.723051e-02
5.120262e-04
1.187486e-07
4.393095e-09
2.140827e+00
3.861380e-01
3.674564e-02
5.080566e-04
1.173819e-07
2.217737e-09
2.043929e+00
3.716129e-01
3.619464e-02
5.030466e-04
1.121875e-07
8.989386e-09
1.958798e+00
3.593904e-01
3.589801e-02
5.013919e-04
1.160073e-07
2.300577e-10
1.878458e+00
3.521811e-01
3.562754e-02
4.983559e-04
1.110276e-07
3.214380e-10
1.808193e+00
3.444414e-01
3.537372e-02
4.989928e-04
1.116162e-07
3.421702e-09
1.747220e+00
3.389776e-01
3.524577e-02
4.979253e-04
1.140590e-07
2.201804e-09
1.690652e+00
3.344809e-01
3.518538e-02
4.982622e-04
1.120386e-07
1.248260e-10
1.638302e+00
3.326304e-01
3.517548e-02
4.985511e-04
1.131359e-07
3.122258e-09
1.593181e+00
3.279440e-01
3.509235e-02
5.002571e-04
1.113793e-07
2.509323e-09
1.550705e+00
3.242942e-01
3.507623e-02
5.010638e-04
1.122664e-07
6.977779e-10
1.513763e+00
3.229375e-01
3.514258e-02
5.025221e-04
1.111457e-07
1.090470e-09
1.479968e+00
3.194028e-01
3.510337e-02
5.030087e-04
1.091099e-07
2.202004e-09
1.446524e+00
3.178500e-01
3.511249e-02
5.056010e-04
1.118188e-07
2.045041e-09
1.416215e+00
3.163904e-01
3.509200e-02
5.051863e-04
1.119774e-07
4.851206e-10
1.390014e+00
3.153759e-01
3.517018e-02
5.069404e-04
1.141939e-07
1.348141e-09
1.365794e+00
3.135656e-01
3.518023e-02
5.081251e-04
1.133208e-07
2.051423e-10
1.342107e+00
3.121704e-01
3.521010e-02
5.095430e-04
1.154420e-07
1.158648e-09
1.319347e+00
3.119333e-01
3.522996e-02
5.108875e-04
1.152425e-07
3.590653e-10
1.299900e+00
3.095800e-01
3.522445e-02
5.121254e-04
1.146902e-07
6.936249e-10
1.281044e+00
3.093819e-01
3.526672e-02
5.143004e-04
1.151192e-07
1.931518e-09
1.263294e+00
3.084239e-01
3.526688e-02
5.149391e-04
1.149143e-07
1.149415e-09
1.245658e+00
3.078170e-01
3.533751e-02
5.157361e-04
1.156389e-07
2.610881e-09
1.229473e+00
3.068970e-01
3.535065e-02
5.188701e-04
1.165364e-07
2.943207e-10
1.214337e+00
3.059230e-01
3.535184e-02
5.184153e-04
1.175097e-07
3.516794e-10
1.199591e+00
3.050475e-01
3.537393e-02
5.194113e-04
1.168095e-07
9.275339e-10
1.185721e+00
3.053549e-01
3.538378e-02
5.214872e-04
1.170259e-07
2.454982e-09
1.172637e+00
3.046362e-01
3.543542e-02
5.217287e-04
1.182703e-07
6.349595e-10
1.160148e+00
3.041955e-01
3.543372e-02
5.230340e-04
1.189588e-07
1.640668e-09
1.147747e+00
3.038443e-01
3.548749e-02
5.242643e-04
1.186463e-07
5.261729e-10
1.136800e+00
3.032235e-01
3.550534e-02
5.254644e-04
1.205676e-07
3.155394e-10
1.125681e+00
3.032099e-01
3.553567e-02
5.266158e-04
1.207475e-07
2.730021e-10
1.114652e+00
3.036290e-01
3.553444e-02
5.282451e-04
1.205748e-07
6.749962e-10
1.105634e+00
3.037717e-01
3.558733e-02
5.289845e-04
1.213880e-07
4.753398e-10
1.095566e+00
3.044617e-01
3.563323e-02
5.304853e-04
1.221362e-07
3.053341e-10
