1.326834e+03
1.052146e+03
8.351381e+02
6.595585e+02
5.257554e+02
4.280734e+02
3.621142e+02
3.183530e+02
2.830128e+02
2.515561e+02
2.230947e+02
1.985752e+02
1.735349e+02
1.497667e+02
1.247026e+02
1.000019e+02
7.782415e+01
5.818611e+01
4.164306e+01
2.787403e+01
1.725646e+01
9.711565e+00
4.997659e+00
2.002976e+00
5.148265e-01
5.833441e-02
1.026836e-03
6.567962e-07
2.373253e+02
2.800543e+02
3.268809e+02
3.746371e+02
4.219381e+02
4.408302e+02
4.336558e+02
4.136291e+02
3.954585e+02
3.747702e+02
3.560071e+02
3.351125e+02
3.170550e+02
2.996699e+02
2.820739e+02
2.660822e+02
2.504273e+02
2.356498e+02
2.208427e+02
2.059408e+02
1.926679e+02
1.793844e+02
1.667954e+02
1.532378e+02
1.415012e+02
1.297382e+02
1.180948e+02
1.076351e+02
9.720787e+01
8.664733e+01
7.751912e+01
6.819778e+01
5.979612e+01
5.152665e+01
4.349015e+01
3.657454e+01
3.006882e+01
2.418870e+01
1.866310e+01
1.358631e+01
9.524162e+00
6.214810e+00
3.604011e+00
1.773880e+00
7.551683e-01
3.432497e-01
2.679168e-01
2.598142e-01
2.551281e-01
2.503577e-01
2.453840e-01
2.403640e-01
2.354185e-01
2.303614e-01
2.251464e-01
2.200247e-01
2.150001e-01
2.098049e-01
2.045186e-01
1.994292e-01
1.944071e-01
1.891732e-01
1.839212e-01
1.789285e-01
1.739595e-01
1.687457e-01
1.635563e-01
1.586697e-01
1.537964e-01
1.486518e-01
1.435299e-01
1.387461e-01
1.340100e-01
1.289731e-01
1.238952e-01
1.191741e-01
1.146012e-01
1.097268e-01
1.046878e-01
9.996338e-02
9.554135e-02
9.090449e-02
8.595768e-02
8.117104e-02
7.681607e-02
7.246595e-02
6.772907e-02
6.288403e-02
5.844003e-02
5.432066e-02
4.995411e-02
4.522471e-02
4.061910e-02
3.653199e-02
3.262209e-02
2.836343e-02
2.386556e-02
1.971456e-02
1.620289e-02
1.286186e-02
9.220905e-03
5.501344e-03
2.473879e-03
7.749798e-04
1.773394e-04
3.471138e-05
6.476704e-06
1.195941e-06
2.205840e-07
4.094613e-08
8.006565e-09
1.580722e-09
6.404915e-10
4.105150e-10
2.696452e+22
6.838550e+21
2.157466e+21
8.621986e+20
3.098524e+20
1.116559e+20
4.049950e+19
1.568021e+19
5.670910e+18
2.039777e+18
7.436944e+17
2.880502e+17
1.036424e+17
3.727960e+16
1.378328e+16
5.264213e+15
1.894159e+15
6.813398e+14
2.638107e+14
9.620561e+13
3.461757e+13
1.250552e+13
4.832044e+12
1.758203e+12
6.326725e+11
2.285581e+11
8.847485e+10
3.213310e+10
1.161117e+10
4.177650e+09
1.617098e+09
5.873418e+08
2.122556e+08
7.638657e+07
2.969424e+07
1.074810e+07
3.885873e+06
1.399203e+06
5.473814e+05
1.984602e+05
7.184105e+04
2.621650e+04
1.029993e+04
3.797652e+03
1.411417e+03
5.486538e+02
2.465643e+02
9.986303e+01
4.410983e+01
1.483728e+01
5.282377e+00
1.039013e+00
1.980812e-01
8.301721e-03
4.760221e-05
2.384902e-08
9.277281e-10
2.273220e-10
1.005902e-10
1.261030e-11
3.225965e-11
4.874872e-11
2.015026e+00
8.196400e-01
2.311851e-01
2.454420e-02
4.596158e-04
3.108916e-05
5.832962e-06
1.093888e-06
2.050461e-07
3.848151e-08
7.243758e-09
2.020880e+00
8.197671e-01
2.312709e-01
2.460816e-02
4.644974e-04
3.181068e-05
6.012218e-06
1.135692e-06
2.144585e-07
4.049435e-08
7.681706e-09
2.025298e+00
8.216286e-01
2.318735e-01
2.468424e-02
4.668798e-04
3.256259e-05
6.200322e-06
1.179926e-06
2.244932e-07
4.272787e-08
8.130745e-09
2.032037e+00
8.254520e-01
2.322873e-01
2.475565e-02
4.706774e-04
3.334686e-05
6.397980e-06
1.226745e-06
2.351697e-07
4.511182e-08
8.655476e-09
2.039312e+00
8.238631e-01
2.326274e-01
2.483114e-02
4.745575e-04
3.416549e-05
6.605666e-06
1.276233e-06
2.465029e-07
4.761798e-08
9.237301e-09
2.044513e+00
8.297516e-01
2.330338e-01
2.490339e-02
4.786285e-04
3.502070e-05
6.824105e-06
1.328728e-06
2.586153e-07
5.033213e-08
9.855110e-09
2.051778e+00
8.301967e-01
2.337732e-01
2.498371e-02
4.850202e-04
3.591488e-05
7.054278e-06
1.384425e-06
2.716147e-07
5.332069e-08
1.044980e-08
2.128706e-09
2.058994e+00
8.307798e-01
2.341581e-01
2.505579e-02
4.871396e-04
3.685055e-05
7.296975e-06
1.443629e-06
2.855018e-07
5.646896e-08
1.117522e-08
2.305546e-09
2.066952e+00
8.354793e-01
2.345222e-01
2.514226e-02
4.916071e-04
3.783060e-05
7.553108e-06
1.506623e-06
3.004645e-07
6.000330e-08
1.204516e-08
2.463200e-09
2.074554e+00
8.358025e-01
2.351555e-01
2.522063e-02
4.963920e-04
3.885808e-05
7.823666e-06
1.573633e-06
3.163488e-07
6.365797e-08
1.286388e-08
2.611054e-09
2.082108e+00
8.374892e-01
2.358221e-01
2.529001e-02
5.009732e-04
3.993633e-05
8.109988e-06
1.645140e-06
3.335681e-07
6.765205e-08
1.375501e-08
2.779856e-09
2.090101e+00
8.425374e-01
2.361290e-01
2.537302e-02
5.057923e-04
4.106899e-05
8.412914e-06
1.721400e-06
3.520912e-07
7.201559e-08
1.473820e-08
3.077872e-09
2.097017e+00
8.421959e-01
2.366340e-01
2.545722e-02
5.109044e-04
4.226013e-05
8.734255e-06
1.803036e-06
3.720678e-07
7.683578e-08
1.588510e-08
3.330915e-09
2.106143e+00
8.461356e-01
2.374974e-01
2.553678e-02
5.161555e-04
4.351411e-05
9.075486e-06
1.890394e-06
3.935548e-07
8.192516e-08
1.707925e-08
3.619806e-09
2.114916e+00
8.495576e-01
2.380367e-01
2.562752e-02
5.217240e-04
4.483581e-05
9.437957e-06
1.984086e-06
4.169198e-07
8.762441e-08
1.843936e-08
3.904922e-09
2.126188e+00
8.516119e-01
2.386378e-01
2.571666e-02
5.274428e-04
4.623054e-05
9.823954e-06
2.084644e-06
4.421474e-07
9.375926e-08
1.996813e-08
4.255263e-09
2.135408e+00
8.543267e-01
2.392827e-01
2.581300e-02
5.334990e-04
4.770419e-05
1.023538e-05
2.192847e-06
4.696217e-07
1.006255e-07
2.154586e-08
4.614792e-09
2.147976e+00
8.586562e-01
2.394759e-01
2.590371e-02
5.396951e-04
4.926329e-05
1.067461e-05
2.309542e-06
4.994102e-07
1.080442e-07
2.336305e-08
5.135131e-09
2.158714e+00
8.601613e-01
2.406790e-01
2.599260e-02
5.460963e-04
5.091507e-05
1.114437e-05
2.435364e-06
5.319041e-07
1.161524e-07
2.536295e-08
5.586400e-09
2.166801e+00
8.666608e-01
2.419156e-01
2.608751e-02
5.531746e-04
5.266761e-05
1.164739e-05
2.571472e-06
5.673880e-07
1.251768e-07
2.764605e-08
6.105229e-09
2.182678e+00
8.656161e-01
2.426833e-01
2.619759e-02
5.599862e-04
5.452987e-05
1.218721e-05
2.719035e-06
6.062480e-07
1.351773e-07
3.023285e-08
6.742510e-09
2.194261e+00
8.708925e-01
2.433031e-01
2.629183e-02
5.674203e-04
5.651193e-05
1.276739e-05
2.879143e-06
6.488515e-07
1.462237e-07
3.297401e-08
7.502329e-09
2.208221e+00
8.770681e-01
2.439259e-01
2.639162e-02
5.750615e-04
5.862502e-05
1.339237e-05
3.053661e-06
6.958098e-07
1.585462e-07
3.622621e-08
8.332375e-09
2.218847e+00
8.834793e-01
2.457122e-01
2.650844e-02
5.837802e-04
6.088194e-05
1.406669e-05
3.243636e-06
7.474261e-07
1.722712e-07
3.975721e-08
9.184608e-09
2.240130e+00
8.839560e-01
2.465310e-01
2.663387e-02
5.920918e-04
6.329691e-05
1.479608e-05
3.451474e-06
8.045751e-07
1.875716e-07
4.378720e-08
1.018944e-08
2.394398e-09
2.254125e+00
8.902176e-01
2.479401e-01
2.675730e-02
6.012518e-04
6.588623e-05
1.558667e-05
3.679394e-06
8.679359e-07
2.047798e-07
4.842630e-08
1.149876e-08
2.878376e-09
2.272954e+00
8.964134e-01
2.488767e-01
2.689374e-02
6.109562e-04
6.866839e-05
1.644580e-05
3.929973e-06
9.385712e-07
2.242057e-07
5.350986e-08
1.288499e-08
3.096566e-09
2.293195e+00
9.003170e-01
2.498783e-01
2.700841e-02
6.210915e-04
7.166443e-05
1.738167e-05
4.206168e-06
1.017115e-06
2.458802e-07
5.953018e-08
1.438222e-08
3.603026e-09
2.310774e+00
9.111044e-01
2.510070e-01
2.714489e-02
6.319665e-04
7.489865e-05
1.840418e-05
4.511420e-06
1.105042e-06
2.707086e-07
6.633227e-08
1.627787e-08
4.157380e-09
2.333831e+00
9.177143e-01
2.528053e-01
2.729892e-02
6.461433e-04
7.839883e-05
1.952422e-05
4.850254e-06
1.203935e-06
2.988955e-07
7.421324e-08
1.843351e-08
4.567299e-09
2.356624e+00
9.259434e-01
2.546005e-01
2.746858e-02
6.559969e-04
8.219728e-05
2.075530e-05
5.227372e-06
1.315494e-06
3.310217e-07
8.332757e-08
2.095590e-08
5.297200e-09
2.385257e+00
9.336457e-01
2.559099e-01
2.763773e-02
6.691125e-04
8.633152e-05
2.211275e-05
5.648917e-06
1.441833e-06
3.679386e-07
9.389231e-08
2.409378e-08
6.170152e-09
2.409515e+00
9.473233e-01
2.586175e-01
2.781801e-02
6.834250e-04
9.084557e-05
2.361495e-05
6.121876e-06
1.585675e-06
4.105704e-07
1.063340e-07
2.754643e-08
7.182856e-09
2.444387e+00
9.602517e-01
2.589345e-01
2.801831e-02
6.988052e-04
9.579125e-05
2.528388e-05
6.654772e-06
1.749988e-06
4.600541e-07
1.209589e-07
3.182779e-08
8.399196e-09
2.476634e+00
9.716329e-01
2.618898e-01
2.831540e-02
7.156873e-04
1.012301e-04
2.714584e-05
7.258158e-06
1.938845e-06
5.177619e-07
1.383064e-07
3.705866e-08
9.951384e-09
2.519630e+00
9.868627e-01
2.676362e-01
2.865246e-02
7.335922e-04
1.072364e-04
2.923283e-05
7.944845e-06
2.157194e-06
5.856504e-07
1.590540e-07
4.313472e-08
1.172400e-08
3.316755e-09
2.564063e+00
1.004842e+00
2.702241e-01
2.887141e-02
7.536123e-04
1.139004e-04
3.158419e-05
8.730903e-06
2.411152e-06
6.656350e-07
1.838540e-07
5.085074e-08
1.415901e-08
3.973800e-09
2.619096e+00
1.034612e+00
2.753634e-01
2.932088e-02
7.756804e-04
1.213336e-04
3.424892e-05
9.636434e-06
2.708640e-06
7.610661e-07
2.138658e-07
6.023839e-08
1.701216e-08
4.788730e-09
2.692921e+00
1.061611e+00
2.861735e-01
2.984773e-02
8.003615e-04
1.296781e-04
3.728963e-05
1.068738e-05
3.059713e-06
8.756916e-07
2.506015e-07
7.180399e-08
2.072696e-08
5.991343e-09
2.790422e+00
1.111938e+00
2.977549e-01
3.062997e-02
8.302966e-04
1.391220e-04
4.078871e-05
1.191792e-05
3.478420e-06
1.014854e-06
2.960470e-07
8.646988e-08
2.533137e-08
7.492912e-09
2.929682e+00
1.178138e+00
3.186333e-01
3.258332e-02
8.831754e-04
1.499236e-04
4.485909e-05
1.337520e-05
3.983138e-06
1.185800e-06
3.529577e-07
1.050636e-07
3.137172e-08
9.314990e-09
3.135665e+00
1.284695e+00
3.447316e-01
3.525586e-02
9.269767e-04
1.624865e-04
4.966798e-05
1.512699e-05
4.601436e-06
1.399352e-06
4.253961e-07
1.294182e-07
3.941066e-08
1.197333e-08
3.789403e-09
3.438487e+00
1.444120e+00
3.914796e-01
3.975479e-02
1.017291e-03
1.774575e-04
5.548214e-05
1.728099e-05
5.375388e-06
1.671535e-06
5.196289e-07
1.615761e-07
5.022463e-08
1.560418e-08
4.876653e-09
3.882048e+00
1.668539e+00
4.620682e-01
4.710284e-02
1.146747e-03
1.960033e-04
6.276418e-05
2.001845e-05
6.376184e-06
2.029803e-06
6.461321e-07
2.058474e-07
6.543583e-08
2.088254e-08
6.622265e-09
4.490005e+00
1.987743e+00
5.601194e-01
5.557724e-02
1.324020e-03
2.204133e-04
7.240958e-05
2.368541e-05
7.736232e-06
2.525194e-06
8.243185e-07
2.692880e-07
8.778025e-08
2.874581e-08
9.311383e-09
5.236571e+00
2.391786e+00
6.754151e-01
6.691192e-02
1.561374e-03
2.555418e-04
8.628966e-05
2.900043e-05
9.729071e-06
3.262604e-06
1.093627e-06
3.663335e-07
1.228458e-07
4.134973e-08
1.385867e-08
4.596165e-09
6.037225e+00
2.806410e+00
8.049294e-01
8.813633e-02
2.044727e-03
3.121176e-04
1.085970e-04
3.758010e-05
1.297702e-05
4.478494e-06
1.544702e-06
5.336169e-07
1.836047e-07
6.298006e-08
2.259526e-08
7.324287e-09
6.811512e+00
3.189977e+00
8.905461e-01
9.589293e-02
2.645786e-03
4.120750e-04
1.483624e-04
5.300788e-05
1.888971e-05
6.726219e-06
2.393292e-06
8.517571e-07
3.030788e-07
1.080553e-07
3.891100e-08
1.363911e-08
5.082232e-09
7.324938e+00
3.468260e+00
1.005828e+00
1.020700e-01
3.088434e-03
6.031403e-04
2.251344e-04
8.333473e-05
3.074920e-05
1.133234e-05
4.174120e-06
1.537540e-06
5.662185e-07
2.087849e-07
7.669378e-08
2.911782e-08
9.936767e-09
7.667500e+00
3.662031e+00
1.081558e+00
1.130651e-01
4.408554e-03
9.864326e-04
3.839197e-04
1.478881e-04
5.674705e-05
2.174221e-05
8.326025e-06
3.186854e-06
1.221225e-06
4.670064e-07
1.784341e-07
6.822018e-08
2.664263e-08
1.060334e-08
4.026371e-09
7.967518e+00
3.796558e+00
1.103001e+00
1.256100e-01
6.011331e-03
1.762346e-03
7.179242e-04
2.894561e-04
1.161777e-04
4.654708e-05
1.863542e-05
7.459171e-06
2.985240e-06
1.194466e-06
4.779012e-07
1.914262e-07
7.724367e-08
2.960704e-08
1.307517e-08
5.253324e-09
8.169144e+00
3.893952e+00
1.134453e+00
1.352507e-01
9.530087e-03
3.369781e-03
1.446652e-03
6.155625e-04
2.604180e-04
1.099460e-04
4.637818e-05
1.955754e-05
8.244978e-06
3.476610e-06
1.465161e-06
6.177461e-07
2.605123e-07
1.090671e-07
4.683431e-08
1.926645e-08
8.648950e-09
8.378026e+00
3.929786e+00
1.171168e+00
1.475529e-01
1.594059e-02
6.628369e-03
3.041899e-03
1.374816e-03
6.191024e-04
2.781664e-04
1.248586e-04
5.601773e-05
2.512660e-05
1.127016e-05
5.054494e-06
2.266924e-06
1.017740e-06
4.546516e-07
2.065839e-07
9.096420e-08
4.139254e-08
1.761771e-08
9.380965e-09
8.516686e+00
3.972669e+00
1.194277e+00
1.696813e-01
2.811257e-02
1.314048e-02
6.480388e-03
3.164197e-03
1.533177e-03
7.418552e-04
3.585544e-04
1.732010e-04
8.364214e-05
4.038880e-05
1.950193e-05
9.414824e-06
4.546258e-06
2.195471e-06
1.059038e-06
5.119521e-07
2.482396e-07
1.187936e-07
5.732852e-08
2.754351e-08
8.582034e+00
3.989345e+00
1.226819e+00
2.055499e-01
4.952605e-02
2.570589e-02
1.376438e-02
7.319843e-03
3.873184e-03
2.041690e-03
1.076730e-03
5.671478e-04
2.986628e-04
1.572503e-04
8.278700e-05
4.358259e-05
2.294249e-05
1.207593e-05
6.358921e-06
3.346201e-06
1.761323e-06
9.279510e-07
4.885656e-07
2.572292e-07
1.345325e-07
7.143116e-08
3.744110e-08
8.563901e+00
4.010412e+00
1.259153e+00
2.610119e-01
8.414339e-02
4.832488e-02
2.846571e-02
1.668984e-02
9.728543e-03
5.663705e-03
3.298498e-03
1.914812e-03
1.112210e-03
6.458895e-04
3.750393e-04
2.177524e-04
1.264250e-04
7.340020e-05
4.261306e-05
2.474108e-05
1.436203e-05
8.337975e-06
4.842292e-06
2.809849e-06
1.630755e-06
9.480421e-07
5.498224e-07
3.196309e-07
1.845418e-07
1.077418e-07
8.491602e+00
4.021366e+00
1.315923e+00
3.175307e-01
1.343626e-01
8.560892e-02
5.585231e-02
3.610740e-02
2.341529e-02
1.509405e-02
9.752340e-03
6.295534e-03
4.060896e-03
2.615486e-03
1.687451e-03
1.088072e-03
7.015647e-04
4.526048e-04
2.917987e-04
1.881376e-04
1.212998e-04
7.820827e-05
5.042599e-05
3.250916e-05
2.096115e-05
1.351392e-05
8.713786e-06
5.617552e-06
3.622468e-06
2.335336e-06
1.505188e-06
9.702963e-07
6.262200e-07
4.040850e-07
2.592825e-07
8.373078e+00
3.964169e+00
1.357691e+00
3.926217e-01
1.962326e-01
1.367496e-01
9.724861e-02
6.950356e-02
4.971128e-02
3.547283e-02
2.538834e-02
1.813366e-02
1.295813e-02
9.267760e-03
6.631927e-03
4.744828e-03
3.394629e-03
2.426062e-03
1.734827e-03
1.241664e-03
8.875954e-04
6.347578e-04
4.539477e-04
3.246470e-04
2.321767e-04
1.660440e-04
1.187500e-04
8.492884e-05
6.073914e-05
4.343805e-05
3.106500e-05
2.221849e-05
1.588974e-05
1.136354e-05
8.128577e-06
5.811485e-06
4.157019e-06
2.973228e-06
2.125907e-06
1.520811e-06
1.086835e-06
7.790653e-07
5.553707e-07
8.092096e+00
3.885933e+00
1.346911e+00
4.334081e-01
2.501108e-01
1.895406e-01
1.463949e-01
1.140324e-01
8.818268e-02
6.872722e-02
5.373651e-02
4.183595e-02
3.275802e-02
2.561225e-02
2.008155e-02
1.572313e-02
1.230956e-02
9.659776e-03
7.561188e-03
5.923989e-03
4.647162e-03
3.641251e-03
2.857137e-03
2.239292e-03
1.755784e-03
1.376757e-03
1.079603e-03
8.466182e-04
6.639313e-04
5.206784e-04
4.083402e-04
3.202444e-04
2.511576e-04
1.969748e-04
1.544857e-04
1.211590e-04
9.502372e-05
7.452639e-05
5.844913e-05
4.584313e-05
3.595275e-05
2.819831e-05
2.211710e-05
1.734404e-05
1.360546e-05
1.066819e-05
8.369075e-06
6.562115e-06
5.148004e-06
4.037141e-06
3.166856e-06
2.483220e-06
1.946579e-06
1.527461e-06
1.198207e-06
7.755511e+00
3.609376e+00
1.256335e+00
4.311196e-01
2.730371e-01
2.200878e-01
1.812750e-01
1.494968e-01
1.231402e-01
1.025304e-01
8.593595e-02
7.147396e-02
5.979629e-02
4.987593e-02
4.186382e-02
3.506351e-02
2.945976e-02
2.472506e-02
2.077114e-02
1.745207e-02
1.467066e-02
1.233968e-02
1.040230e-02
8.757140e-03
7.369257e-03
6.211773e-03
5.234783e-03
4.415113e-03
3.718460e-03
3.133466e-03
2.640768e-03
2.227265e-03
1.876968e-03
1.582178e-03
1.335207e-03
1.125786e-03
9.487838e-04
7.998984e-04
6.743924e-04
5.685926e-04
4.793990e-04
4.042009e-04
3.408068e-04
2.873550e-04
2.422906e-04
2.042938e-04
1.722573e-04
1.452459e-04
1.224703e-04
1.032673e-04
8.707321e-05
7.342153e-05
6.190978e-05
5.220148e-05
4.401685e-05
3.711609e-05
3.129649e-05
2.638863e-05
2.225212e-05
1.876157e-05
1.582141e-05
1.334112e-05
1.124780e-05
9.486201e-06
7.997781e-06
6.744329e-06
5.686882e-06
4.794201e-06
4.043495e-06
3.408897e-06
2.874617e-06
2.423925e-06
7.230242e+00
3.290483e+00
1.055196e+00
3.624701e-01
2.518916e-01
2.155789e-01
1.851989e-01
1.604398e-01
1.388315e-01
1.202359e-01
1.046967e-01
9.114693e-02
7.959308e-02
6.964382e-02
6.118202e-02
5.386212e-02
4.728294e-02
4.155987e-02
3.659867e-02
3.226930e-02
2.846659e-02
2.514898e-02
2.222114e-02
1.961796e-02
1.733081e-02
1.530241e-02
1.354486e-02
1.196492e-02
1.058255e-02
9.371052e-03
8.292420e-03
7.338120e-03
6.494195e-03
5.755281e-03
5.098085e-03
4.516308e-03
3.997407e-03
3.540235e-03
3.135635e-03
2.777499e-03
2.460442e-03
2.180568e-03
1.931874e-03
1.711634e-03
1.516572e-03
1.343788e-03
1.190734e-03
1.055143e-03
9.350173e-04
8.285871e-04
7.342877e-04
6.507322e-04
5.766947e-04
5.110881e-04
4.529508e-04
4.014324e-04
3.557749e-04
3.155783e-04
2.796413e-04
2.478438e-04
2.196616e-04
1.946867e-04
1.725519e-04
1.529340e-04
1.355469e-04
1.201366e-04
1.064811e-04
9.437453e-05
8.364729e-05
7.413767e-05
6.571076e-05
5.824139e-05
5.162070e-05
4.575308e-05
4.055248e-05
3.594251e-05
3.185725e-05
2.823639e-05
2.502613e-05
2.218226e-05
1.966062e-05
1.742575e-05
1.544538e-05
1.368978e-05
1.213317e-05
1.075421e-05
9.532751e-06
8.448845e-06
7.488432e-06
6.636858e-06
5.882933e-06
5.214553e-06
4.621584e-06
4.095439e-06
3.630404e-06
6.626773e+00
2.816790e+00
8.276949e-01
2.724607e-01
2.087963e-01
1.839665e-01
1.634951e-01
1.453846e-01
1.296772e-01
1.159062e-01
1.041733e-01
9.396262e-02
8.434833e-02
7.608855e-02
6.838173e-02
6.183774e-02
5.587792e-02
5.066245e-02
4.585042e-02
4.161035e-02
3.773559e-02
3.421483e-02
3.107967e-02
2.831326e-02
2.571996e-02
2.335401e-02
2.129438e-02
1.939210e-02
1.767736e-02
1.612254e-02
1.466150e-02
1.336134e-02
1.217628e-02
1.112043e-02
1.014004e-02
9.242585e-03
8.427554e-03
7.691270e-03
7.021895e-03
6.403598e-03
5.842311e-03
5.336025e-03
4.870744e-03
4.444928e-03
4.056954e-03
3.703139e-03
3.381783e-03
3.088470e-03
2.819083e-03
2.575737e-03
2.351502e-03
2.151188e-03
1.962732e-03
1.792329e-03
1.636778e-03
1.494775e-03
1.365131e-03
1.246764e-03
1.138689e-03
1.040116e-03
9.499760e-04
8.676810e-04
7.925272e-04
7.238947e-04
6.612154e-04
6.039701e-04
5.516885e-04
5.046110e-04
4.606266e-04
4.207651e-04
3.843565e-04
3.511003e-04
3.207249e-04
2.929773e-04
2.676337e-04
2.444832e-04
2.233362e-04
2.040192e-04
1.863738e-04
1.702547e-04
1.555307e-04
1.420809e-04
1.297930e-04
1.185696e-04
1.083165e-04
9.895046e-05
9.039425e-05
8.257808e-05
7.543798e-05
6.891454e-05
6.295641e-05
5.751295e-05
5.254030e-05
4.799738e-05
4.384820e-05
4.005608e-05
3.659323e-05
3.342967e-05
3.053970e-05
2.789931e-05
2.548680e-05
2.328331e-05
2.127079e-05
1.943184e-05
1.775150e-05
1.621729e-05
1.481493e-05
1.353351e-05
1.236463e-05
1.129459e-05
1.031877e-05
9.426676e-06
8.611703e-06
7.866758e-06
7.187057e-06
6.565626e-06
5.998085e-06
5.479235e-06
5.005941e-06
4.573505e-06
5.978964e+00
2.323461e+00
5.929741e-01
1.910114e-01
1.607416e-01
1.459438e-01
1.319876e-01
1.202608e-01
1.094815e-01
1.002040e-01
9.131825e-02
8.366515e-02
7.629638e-02
7.014121e-02
6.461941e-02
5.928062e-02
5.463777e-02
5.027934e-02
4.629718e-02
4.271018e-02
3.935824e-02
3.633814e-02
3.354233e-02
3.099092e-02
2.861093e-02
2.642159e-02
2.440239e-02
2.262052e-02
2.092511e-02
1.934386e-02
1.790371e-02
1.657611e-02
1.535532e-02
1.420983e-02
1.318352e-02
1.223120e-02
1.131228e-02
1.047506e-02
9.695655e-03
8.974893e-03
8.325329e-03
7.731874e-03
7.158871e-03
6.641641e-03
6.158548e-03
5.709207e-03
5.300953e-03
4.912596e-03
4.559113e-03
4.229058e-03
3.923018e-03
3.638872e-03
3.381887e-03
3.138215e-03
2.910790e-03
2.701603e-03
2.507530e-03
2.326362e-03
2.158674e-03
2.002824e-03
1.859903e-03
1.725023e-03
1.600654e-03
1.485536e-03
1.379907e-03
1.279935e-03
1.187751e-03
1.102226e-03
1.022874e-03
9.492480e-04
8.811336e-04
8.179826e-04
7.591190e-04
7.045115e-04
6.538385e-04
6.068159e-04
5.631795e-04
5.226853e-04
4.851063e-04
4.502318e-04
4.178674e-04
3.878877e-04
3.600055e-04
3.341321e-04
3.101198e-04
2.878343e-04
2.671513e-04
2.479555e-04
2.301396e-04
2.136046e-04
1.982582e-04
1.840150e-04
1.707952e-04
1.585257e-04
1.471379e-04
1.365685e-04
1.267583e-04
1.176533e-04
1.092023e-04
1.013586e-04
9.407829e-05
8.732114e-05
8.104935e-05
7.522834e-05
6.982519e-05
6.481027e-05
6.015564e-05
5.583514e-05
5.182517e-05
4.810319e-05
4.464840e-05
4.144211e-05
3.846578e-05
3.570336e-05
3.313943e-05
3.075935e-05
2.855047e-05
2.650010e-05
2.459707e-05
2.283056e-05
2.119111e-05
1.966920e-05
1.825674e-05
1.694575e-05
1.572874e-05
1.459935e-05
1.355092e-05
1.257783e-05
1.167455e-05
1.083619e-05
1.005792e-05
9.335701e-06
8.665354e-06
8.042984e-06
7.465407e-06
6.929468e-06
6.431859e-06
5.969884e-06
5.541022e-06
5.143333e-06
5.308213e+00
1.865952e+00
4.059610e-01
1.430258e-01
1.238071e-01
1.142593e-01
1.056003e-01
9.736433e-02
8.976773e-02
8.310357e-02
7.669241e-02
7.091480e-02
6.588601e-02
6.093862e-02
5.672994e-02
5.263692e-02
4.901105e-02
4.563488e-02
4.240789e-02
3.944267e-02
3.670225e-02
3.407401e-02
3.173194e-02
2.953487e-02
2.750927e-02
2.559801e-02
2.385018e-02
2.222957e-02
2.073096e-02
1.930868e-02
1.801054e-02
1.679098e-02
1.566936e-02
1.460160e-02
1.362285e-02
1.270446e-02
1.188675e-02
1.107435e-02
1.032119e-02
9.635372e-03
8.987293e-03
8.394660e-03
7.826762e-03
7.305124e-03
6.818493e-03
6.362382e-03
5.939987e-03
5.548018e-03
5.182994e-03
4.838391e-03
4.516997e-03
4.217975e-03
3.940906e-03
3.678194e-03
3.433487e-03
3.205297e-03
2.994196e-03
2.795085e-03
2.611147e-03
2.437813e-03
2.276226e-03
2.127038e-03
1.985922e-03
1.854604e-03
1.732280e-03
1.618912e-03
1.511316e-03
1.412557e-03
1.318814e-03
1.231698e-03
1.150345e-03
1.074374e-03
1.003431e-03
9.371774e-04
8.753071e-04
8.175230e-04
7.635615e-04
7.131653e-04
6.660971e-04
6.221412e-04
5.814549e-04
5.429093e-04
5.070887e-04
4.736329e-04
4.423868e-04
4.132007e-04
3.859436e-04
3.604863e-04
3.367050e-04
3.144995e-04
2.937540e-04
2.742066e-04
2.562435e-04
2.395101e-04
2.236715e-04
2.089214e-04
1.951447e-04
1.822763e-04
1.702549e-04
1.590278e-04
1.485415e-04
1.387471e-04
1.295973e-04
1.210522e-04
1.130706e-04
1.056144e-04
9.865105e-05
9.214573e-05
8.607147e-05
8.039525e-05
7.509432e-05
7.014406e-05
6.551884e-05
6.119884e-05
5.716327e-05
5.339511e-05
4.987451e-05
4.658687e-05
4.351545e-05
4.064537e-05
3.796571e-05
3.546334e-05
3.312474e-05
3.094111e-05
2.890108e-05
2.699596e-05
2.521523e-05
2.355425e-05
2.200003e-05
2.055075e-05
1.919518e-05
1.792951e-05
1.674797e-05
1.564327e-05
1.461273e-05
1.364873e-05
1.274928e-05
1.190864e-05
1.112322e-05
1.039000e-05
9.705083e-06
9.065314e-06
8.467356e-06
7.909003e-06
7.388706e-06
6.901094e-06
6.446277e-06
6.020690e-06
5.624574e-06
4.702865e+00
1.471066e+00
2.749618e-01
1.161837e-01
1.018306e-01
9.472277e-02
8.807480e-02
8.179051e-02
7.620853e-02
7.096581e-02
6.614027e-02
6.156625e-02
5.746630e-02
5.346240e-02
4.983256e-02
4.654423e-02
4.341508e-02
4.047523e-02
3.770566e-02
3.522712e-02
3.292641e-02
3.073467e-02
2.867417e-02
2.678011e-02
2.503607e-02
2.338975e-02
2.184549e-02
2.039591e-02
1.905081e-02
1.776537e-02
1.659571e-02
1.549576e-02
1.446910e-02
1.350420e-02
1.261066e-02
1.177591e-02
1.099522e-02
1.026505e-02
9.578330e-03
8.945741e-03
8.358643e-03
7.799199e-03
7.281656e-03
6.797891e-03
6.344502e-03
5.926903e-03
5.531995e-03
5.166829e-03
4.829496e-03
4.508111e-03
4.208373e-03
3.930684e-03
3.671035e-03
3.428548e-03
3.202085e-03
2.990588e-03
2.793065e-03
2.608594e-03
2.436312e-03
2.275409e-03
2.125137e-03
1.983656e-03
1.852936e-03
1.730571e-03
1.616289e-03
1.509554e-03
1.409870e-03
1.316768e-03
1.229817e-03
1.148608e-03
1.072762e-03
1.001923e-03
9.357656e-04
8.739752e-04
8.162654e-04
7.623676e-04
7.120270e-04
6.650121e-04
6.211018e-04
5.800897e-04
5.415072e-04
5.058835e-04
4.724811e-04
4.412836e-04
4.121468e-04
3.849344e-04
3.595147e-04
3.357792e-04
3.136078e-04
2.929016e-04
2.735620e-04
2.554998e-04
2.384548e-04
2.227822e-04
2.080710e-04
1.943323e-04
1.815019e-04
1.695179e-04
1.583253e-04
1.478714e-04
1.381093e-04
1.289903e-04
1.204718e-04
1.125174e-04
1.050887e-04
9.822193e-05
9.171286e-05
8.565612e-05
8.000404e-05
7.471805e-05
6.978739e-05
6.517760e-05
6.087680e-05
5.685712e-05
5.310037e-05
4.959558e-05
4.632130e-05
4.326334e-05
4.040612e-05
3.773747e-05
3.524561e-05
3.291953e-05
3.075010e-05
2.871299e-05
2.682134e-05
2.504564e-05
2.339780e-05
2.185092e-05
2.040772e-05
1.906006e-05
1.780377e-05
1.662545e-05
1.552918e-05
1.450404e-05
1.354594e-05
1.265125e-05
1.181646e-05
1.103408e-05
1.030845e-05
9.625668e-06
8.991767e-06
8.395746e-06
7.842831e-06
7.327806e-06
6.846550e-06
6.374743e-06
4.185390e+00
1.170250e+00
2.077152e-01
1.041874e-01
9.222936e-02
8.601137e-02
8.017418e-02
7.466141e-02
6.980741e-02
6.515562e-02
6.067737e-02
5.656793e-02
5.273603e-02
4.917149e-02
4.581165e-02
4.271597e-02
3.967645e-02
3.701466e-02
3.448226e-02
3.205175e-02
2.986005e-02
2.771641e-02
2.580767e-02
2.403391e-02
2.236461e-02
2.084351e-02
1.934075e-02
1.803645e-02
1.678963e-02
1.560910e-02
1.452494e-02
1.350691e-02
1.257319e-02
1.167483e-02
1.087018e-02
1.011964e-02
9.408933e-03
8.753819e-03
8.142580e-03
7.578045e-03
7.037778e-03
6.548874e-03
6.087399e-03
5.662926e-03
5.265921e-03
4.896786e-03
4.553383e-03
4.233937e-03
3.936789e-03
3.660404e-03
3.403338e-03
3.164255e-03
2.941905e-03
2.731690e-03
2.541154e-03
2.362459e-03
2.196294e-03
2.041786e-03
1.897570e-03
1.764280e-03
1.640100e-03
1.524645e-03
1.417302e-03
1.317503e-03
1.224722e-03
1.138464e-03
1.058273e-03
9.837231e-04
9.144203e-04
8.499923e-04
7.901014e-04
7.344244e-04
6.826692e-04
6.339325e-04
5.895391e-04
5.479860e-04
5.093593e-04
4.734554e-04
4.400785e-04
4.090555e-04
3.802172e-04
3.534110e-04
3.284943e-04
3.053335e-04
2.838047e-04
2.637946e-04
2.451937e-04
2.279036e-04
2.118340e-04
1.968957e-04
1.830115e-04
1.701064e-04
1.581101e-04
1.469599e-04
1.365966e-04
1.269623e-04
1.180101e-04
1.096870e-04
1.018915e-04
9.470881e-05
8.802923e-05
8.182069e-05
7.605020e-05
7.068629e-05
6.570187e-05
6.106694e-05
5.676022e-05
5.275680e-05
4.903744e-05
4.557752e-05
4.236186e-05
3.937604e-05
3.659798e-05
3.401643e-05
3.161780e-05
2.938756e-05
2.731446e-05
2.538814e-05
2.359749e-05
2.193367e-05
2.038653e-05
1.894833e-05
1.761169e-05
1.636962e-05
1.521497e-05
1.414191e-05
1.314417e-05
1.221738e-05
1.135571e-05
1.055476e-05
9.810414e-06
9.117667e-06
8.475980e-06
7.877207e-06
7.320589e-06
6.806169e-06
6.325182e-06
5.879065e-06
5.465076e-06
3.761353e+00
9.587674e-01
1.892260e-01
1.032136e-01
9.139476e-02
8.482663e-02
7.896327e-02
7.334409e-02
6.816677e-02
6.336699e-02
5.887270e-02
5.461646e-02
5.065472e-02
4.689366e-02
4.337233e-02
4.013588e-02
3.720010e-02
3.435856e-02
3.183472e-02
2.944219e-02
2.719138e-02
2.512960e-02
2.325971e-02
2.150135e-02
1.988197e-02
1.836127e-02
1.694349e-02
1.566170e-02
1.444425e-02
1.333341e-02
1.231649e-02
1.136755e-02
1.049158e-02
9.681706e-03
8.928381e-03
8.232111e-03
7.584851e-03
6.994517e-03
6.452266e-03
5.944066e-03
5.483192e-03
5.051038e-03
4.651221e-03
4.287413e-03
3.953144e-03
3.645000e-03
3.359688e-03
3.096776e-03
2.852116e-03
2.627183e-03
2.419419e-03
2.230506e-03
2.055578e-03
1.893180e-03
1.744407e-03
1.607647e-03
1.479709e-03
1.364136e-03
1.256974e-03
1.158210e-03
1.067189e-03
9.833058e-04
9.060037e-04
8.343379e-04
7.689128e-04
7.084399e-04
6.527164e-04
6.013705e-04
5.540591e-04
5.101350e-04
4.700974e-04
4.331042e-04
3.990195e-04
3.676151e-04
3.386808e-04
3.120219e-04
2.874608e-04
2.648315e-04
2.439827e-04
2.247745e-04
2.070782e-04
1.907743e-04
1.757533e-04
1.619153e-04
1.491657e-04
1.374201e-04
1.265994e-04
1.166300e-04
1.074459e-04
9.898466e-05
9.118974e-05
8.400837e-05
7.739263e-05
7.129776e-05
6.568260e-05
6.050993e-05
5.574433e-05
5.135420e-05
4.730955e-05
4.358378e-05
4.015106e-05
3.698890e-05
3.407556e-05
3.139195e-05
2.891945e-05
2.664171e-05
2.454353e-05
2.261039e-05
2.082947e-05
1.918902e-05
1.767762e-05
1.628538e-05
1.500265e-05
1.382089e-05
1.273235e-05
1.172953e-05
1.080569e-05
9.954670e-06
9.170366e-06
8.448267e-06
7.783010e-06
7.169771e-06
6.605190e-06
6.085083e-06
5.605410e-06
5.164116e-06
3.432678e+00
8.232831e-01
1.989340e-01
1.097508e-01
9.658941e-02
8.923649e-02
8.210429e-02
7.553120e-02
6.960727e-02
6.380256e-02
5.860591e-02
5.384084e-02
4.944812e-02
4.535843e-02
4.152503e-02
3.816222e-02
3.482793e-02
3.192830e-02
2.916583e-02
2.656729e-02
2.433859e-02
2.220195e-02
2.020741e-02
1.844823e-02
1.681893e-02
1.534201e-02
1.400474e-02
1.276928e-02
1.164805e-02
1.061756e-02
9.678163e-03
8.808271e-03
8.028469e-03
7.314145e-03
6.659976e-03
6.065986e-03
5.523930e-03
5.029726e-03
4.579251e-03
4.168718e-03
3.794654e-03
3.453877e-03
3.138344e-03
2.858040e-03
2.600852e-03
2.366677e-03
2.150822e-03
1.957420e-03
1.780932e-03
1.620296e-03
1.474097e-03
1.341048e-03
1.219971e-03
1.109798e-03
1.009183e-03
9.180853e-04
8.351198e-04
7.596382e-04
6.909671e-04
6.284955e-04
5.712244e-04
5.196290e-04
4.726299e-04
4.298773e-04
3.909893e-04
3.556160e-04
3.234414e-04
2.941727e-04
2.675541e-04
2.433420e-04
2.213171e-04
2.012888e-04
1.830697e-04
1.664993e-04
1.514288e-04
1.377218e-04
1.252546e-04
1.139161e-04
1.036038e-04
9.422441e-05
8.557377e-05
7.788102e-05
7.083013e-05
6.441834e-05
5.858530e-05
5.328133e-05
4.845705e-05
4.407104e-05
4.007934e-05
3.645114e-05
3.315138e-05
3.014825e-05
2.741953e-05
2.493660e-05
2.267886e-05
2.062510e-05
1.875803e-05
1.706037e-05
1.551370e-05
1.411068e-05
1.283294e-05
1.167015e-05
1.061359e-05
9.653441e-06
8.777374e-06
7.984102e-06
7.261103e-06
6.604320e-06
6.005262e-06
5.462162e-06
4.966321e-06
4.517574e-06
3.164910e+00
7.805803e-01
2.225074e-01
1.200860e-01
1.046608e-01
9.516934e-02
8.683347e-02
7.889380e-02
7.176297e-02
6.483727e-02
5.873241e-02
5.304214e-02
4.808931e-02
4.336171e-02
3.901688e-02
3.519398e-02
3.161361e-02
2.848714e-02
2.564290e-02
2.303498e-02
2.068831e-02
1.860134e-02
1.668127e-02
1.495702e-02
1.338236e-02
1.199495e-02
1.073022e-02
9.603919e-03
8.596403e-03
7.703556e-03
6.899115e-03
6.177972e-03
5.533082e-03
4.948852e-03
4.427619e-03
3.964474e-03
3.546109e-03
3.173066e-03
2.839323e-03
2.540434e-03
2.271719e-03
2.032509e-03
1.816956e-03
1.625836e-03
1.454249e-03
1.300716e-03
1.163204e-03
1.040359e-03
9.304282e-04
8.320884e-04
7.441260e-04
6.654435e-04
5.950731e-04
5.321335e-04
4.758411e-04
4.255020e-04
3.804815e-04
3.402217e-04
3.042146e-04
2.720220e-04
2.432286e-04
2.174860e-04
1.944629e-04
1.738778e-04
1.554679e-04
1.390162e-04
1.242942e-04
1.111360e-04
9.936839e-05
8.884841e-05
7.943962e-05
7.102959e-05
6.350913e-05
5.678304e-05
5.077237e-05
4.539509e-05
4.058693e-05
3.629117e-05
3.244728e-05
2.901165e-05
2.593918e-05
2.319056e-05
2.073621e-05
1.854360e-05
1.657604e-05
1.481981e-05
1.325273e-05
1.184855e-05
1.059328e-05
9.473447e-06
8.470025e-06
7.571510e-06
6.772296e-06
6.051736e-06
5.412077e-06
4.840019e-06
4.326012e-06
3.867628e-06
2.984829e+00
8.324305e-01
2.542470e-01
1.328016e-01
1.126485e-01
1.010739e-01
9.028275e-02
8.059478e-02
7.176426e-02
6.380036e-02
5.634316e-02
4.996070e-02
4.431780e-02
3.921047e-02
3.461190e-02
3.051674e-02
2.679159e-02
2.366671e-02
2.075573e-02
1.826548e-02
1.607583e-02
1.413058e-02
1.239646e-02
1.087267e-02
9.550866e-03
8.377098e-03
7.350042e-03
6.441467e-03
5.645464e-03
4.943909e-03
4.334803e-03
3.795673e-03
3.326112e-03
2.911757e-03
2.550702e-03
2.234063e-03
1.956557e-03
1.713401e-03
1.500366e-03
1.313074e-03
1.149370e-03
1.006444e-03
8.811430e-04
7.714127e-04
6.753302e-04
5.903861e-04
5.171743e-04
4.527249e-04
3.963048e-04
3.469051e-04
3.036650e-04
2.658119e-04
2.326694e-04
2.036656e-04
1.782602e-04
1.560437e-04
1.365789e-04
1.195540e-04
1.046406e-04
9.159020e-05
8.016649e-05
7.017504e-05
6.141639e-05
5.375851e-05
4.705349e-05
4.118536e-05
3.604897e-05
3.155098e-05
2.761886e-05
2.417297e-05
2.115356e-05
1.852145e-05
1.620836e-05
1.418609e-05
1.241797e-05
1.087231e-05
9.509381e-06
8.331402e-06
7.283929e-06
6.374609e-06
5.591426e-06
4.883409e-06
4.273819e-06
3.747108e-06
3.276412e-06
2.954905e+00
9.025095e-01
2.840189e-01
1.429215e-01
1.184890e-01
1.035623e-01
9.045315e-02
7.885975e-02
6.844509e-02
5.913106e-02
5.114341e-02
4.421887e-02
3.811587e-02
3.281355e-02
2.817322e-02
2.420764e-02
2.076369e-02
1.780070e-02
1.527460e-02
1.306788e-02
1.119851e-02
9.567532e-03
8.192629e-03
6.997350e-03
5.978981e-03
5.108561e-03
4.365343e-03
3.730121e-03
3.183850e-03
2.720329e-03
2.323169e-03
1.983791e-03
1.693812e-03
1.446116e-03
1.234563e-03
1.053882e-03
8.996016e-04
7.678684e-04
6.554261e-04
5.592299e-04
4.773153e-04
4.073896e-04
3.476799e-04
2.967285e-04
2.532278e-04
2.161187e-04
1.844365e-04
1.573992e-04
1.343179e-04
1.146345e-04
9.782215e-05
8.348719e-05
7.123785e-05
6.080085e-05
5.187742e-05
4.427680e-05
3.778240e-05
3.224507e-05
2.751903e-05
2.347226e-05
2.003737e-05
1.709932e-05
1.459028e-05
1.245103e-05
1.063051e-05
9.059861e-06
7.743513e-06
6.608612e-06
5.632711e-06
4.807742e-06
4.100731e-06
3.506168e-06
2.985680e-06
2.551529e-06
3.287428e+00
9.893902e-01
3.086712e-01
1.463741e-01
1.178259e-01
1.003195e-01
8.504920e-02
7.193905e-02
6.073157e-02
5.121570e-02
4.300947e-02
3.607790e-02
3.024481e-02
2.521345e-02
2.104402e-02
1.755651e-02
1.463404e-02
1.218539e-02
1.013937e-02
8.431984e-03
7.008696e-03
5.823292e-03
4.829979e-03
4.013528e-03
3.328794e-03
2.763807e-03
2.293672e-03
1.902752e-03
1.578813e-03
1.309757e-03
1.086469e-03
9.011897e-04
7.474676e-04
6.199402e-04
5.141513e-04
4.264018e-04
3.536201e-04
2.932547e-04
2.431904e-04
2.016700e-04
1.672360e-04
1.386803e-04
1.149993e-04
9.536198e-05
7.907765e-05
6.557345e-05
5.437492e-05
4.508889e-05
3.738888e-05
3.100328e-05
2.570880e-05
2.131775e-05
1.767893e-05
1.465849e-05
1.215446e-05
1.007902e-05
8.357541e-06
6.929930e-06
5.746970e-06
4.764998e-06
3.958960e-06
3.276220e-06
2.726118e-06
2.252963e-06
1.867797e-06
3.713295e+00
1.091800e+00
3.160837e-01
1.446952e-01
1.133356e-01
9.239361e-02
7.617364e-02
6.209162e-02
5.065716e-02
4.121722e-02
3.353054e-02
2.719606e-02
2.201566e-02
1.778160e-02
1.437992e-02
1.161111e-02
9.362803e-03
7.548054e-03
6.076865e-03
4.896765e-03
3.942623e-03
3.171563e-03
2.552891e-03
2.052917e-03
1.651946e-03
1.328792e-03
1.068745e-03
8.595306e-04
6.912263e-04
5.558470e-04
4.469685e-04
3.594015e-04
2.889868e-04
2.323595e-04
1.868270e-04
1.502154e-04
1.207784e-04
9.710552e-05
7.807479e-05
6.277074e-05
5.047067e-05
4.057603e-05
3.262013e-05
2.622832e-05
2.109012e-05
1.695372e-05
1.363023e-05
1.095731e-05
8.814755e-06
7.084367e-06
5.693514e-06
4.579952e-06
3.681734e-06
2.961928e-06
2.379383e-06
1.910824e-06
1.539538e-06
4.027794e+00
1.174858e+00
3.129309e-01
1.349815e-01
1.003515e-01
8.035893e-02
6.394594e-02
5.062993e-02
3.990722e-02
3.144142e-02
2.470512e-02
1.933710e-02
1.514099e-02
1.182929e-02
9.251407e-03
7.222637e-03
5.634470e-03
4.395220e-03
3.424469e-03
2.672027e-03
2.083037e-03
1.623581e-03
1.265302e-03
9.855940e-04
7.680538e-04
5.984068e-04
4.662156e-04
3.631977e-04
2.829422e-04
2.204076e-04
1.717074e-04
1.337503e-04
1.041868e-04
8.115869e-05
6.321928e-05
4.924259e-05
3.835881e-05
2.988195e-05
2.327288e-05
1.812814e-05
1.412294e-05
1.100188e-05
8.568124e-06
6.675352e-06
5.195609e-06
4.054579e-06
3.153429e-06
2.457530e-06
1.913987e-06
1.495366e-06
1.157392e-06
4.215826e+00
1.191328e+00
2.984231e-01
1.197055e-01
8.630045e-02
6.676134e-02
5.117878e-02
3.919843e-02
2.990646e-02
2.278645e-02
1.732115e-02
1.314902e-02
9.947924e-03
7.540463e-03
5.704405e-03
4.316147e-03
3.263565e-03
2.466851e-03
1.864175e-03
1.408457e-03
1.064002e-03
8.036909e-04
6.070140e-04
4.584505e-04
3.462215e-04
2.614529e-04
1.974486e-04
1.490988e-04
1.125892e-04
8.501427e-05
6.420750e-05
4.845816e-05
3.659917e-05
2.764524e-05
2.086578e-05
1.575164e-05
1.190568e-05
8.982667e-06
6.784751e-06
5.120032e-06
3.873248e-06
2.926717e-06
2.202311e-06
1.661299e-06
1.264760e-06
9.451863e-07
4.259941e+00
1.175122e+00
2.758165e-01
1.039471e-01
7.244260e-02
5.402048e-02
4.017537e-02
2.977310e-02
2.203278e-02
1.624991e-02
1.195262e-02
8.800840e-03
6.467135e-03
4.751650e-03
3.488888e-03
2.559792e-03
1.879033e-03
1.378102e-03
1.010749e-03
7.412147e-04
5.434932e-04
3.985190e-04
2.921732e-04
2.142121e-04
1.570616e-04
1.151375e-04
8.440925e-05
6.188316e-05
4.536254e-05
3.325827e-05
2.437603e-05
1.786802e-05
1.310948e-05
9.604807e-06
7.040561e-06
5.160245e-06
3.779462e-06
2.782854e-06
2.039129e-06
1.475629e-06
1.097011e-06
7.994795e-07
4.198078e+00
1.131913e+00
2.572945e-01
8.930307e-02
6.014438e-02
4.352381e-02
3.142390e-02
2.269390e-02
1.628499e-02
1.167284e-02
8.346610e-03
5.969634e-03
4.264954e-03
3.045173e-03
2.171731e-03
1.549531e-03
1.106039e-03
7.890706e-04
5.625664e-04
4.013266e-04
2.862294e-04
2.041454e-04
1.455922e-04
1.038528e-04
7.404700e-05
5.281833e-05
3.765491e-05
2.687212e-05
1.914870e-05
1.366261e-05
9.745728e-06
6.944181e-06
4.944482e-06
3.540942e-06
2.524952e-06
1.796068e-06
1.287485e-06
9.128937e-07
6.459938e-07
4.097749e+00
1.074849e+00
2.384780e-01
7.691083e-02
4.973796e-02
3.510037e-02
2.466355e-02
1.728235e-02
1.210801e-02
8.440857e-03
5.886526e-03
4.098530e-03
2.854670e-03
1.986178e-03
1.381974e-03
9.606491e-04
6.683268e-04
4.647579e-04
3.231811e-04
2.246976e-04
1.562514e-04
1.086252e-04
7.551685e-05
5.251594e-05
3.650478e-05
2.536715e-05
1.765204e-05
1.227176e-05
8.530994e-06
5.926620e-06
4.121756e-06
2.865405e-06
1.992499e-06
1.384247e-06
9.549367e-07
6.852149e-07
4.712502e-07
3.948377e+00
1.035692e+00
2.308275e-01
6.728434e-02
4.176170e-02
2.863522e-02
1.965385e-02
1.345527e-02
9.178003e-03
6.244526e-03
4.256427e-03
2.894535e-03
1.965583e-03
1.336924e-03
9.079029e-04
6.168590e-04
4.190298e-04
2.846474e-04
1.933342e-04
1.313168e-04
8.916863e-05
6.056348e-05
4.115656e-05
2.793515e-05
1.897362e-05
1.288917e-05
8.746330e-06
5.936228e-06
4.043750e-06
2.732091e-06
1.862616e-06
1.267950e-06
8.631213e-07
5.724260e-07
4.034837e-07
3.813204e+00
9.969652e-01
2.260718e-01
5.932744e-02
3.513839e-02
2.360812e-02
1.581858e-02
1.059406e-02
7.065048e-03
4.701542e-03
3.130741e-03
2.084601e-03
1.386698e-03
9.221862e-04
6.131497e-04
4.076313e-04
2.709811e-04
1.801205e-04
1.197231e-04
7.957863e-05
5.288300e-05
3.515659e-05
2.336640e-05
1.553902e-05
1.031347e-05
6.851268e-06
4.556487e-06
3.042930e-06
2.008730e-06
1.347117e-06
8.887145e-07
5.910948e-07
3.927570e-07
2.602590e-07
3.667555e+00
9.790337e-01
2.235104e-01
5.375036e-02
3.042163e-02
1.996497e-02
1.312098e-02
8.601245e-03
5.613684e-03
3.670065e-03
2.394008e-03
1.559482e-03
1.017285e-03
6.630235e-04
4.320557e-04
2.815147e-04
1.834297e-04
1.194964e-04
7.784678e-05
5.072408e-05
3.304543e-05
2.152916e-05
1.401259e-05
9.131873e-06
5.963506e-06
3.878220e-06
2.518910e-06
1.645981e-06
1.082838e-06
6.977331e-07
4.456919e-07
2.953288e-07
3.556535e+00
9.531236e-01
2.228396e-01
4.976851e-02
2.669296e-02
1.720668e-02
1.107846e-02
7.125007e-03
4.565765e-03
2.924120e-03
1.870869e-03
1.198000e-03
7.664050e-04
4.901871e-04
3.134800e-04
2.004672e-04
1.281980e-04
8.196802e-05
5.239854e-05
3.349974e-05
2.143343e-05
1.370699e-05
8.758995e-06
5.604921e-06
3.573067e-06
2.287119e-06
1.479652e-06
9.192057e-07
6.118881e-07
3.699314e-07
2.438169e-07
3.449531e+00
9.417342e-01
2.255032e-01
4.700506e-02
2.386046e-02
1.507127e-02
9.540081e-03
6.017577e-03
3.792863e-03
2.382568e-03
1.498741e-03
9.426221e-04
5.918949e-04
3.721292e-04
2.338159e-04
1.469066e-04
9.229543e-05
5.797417e-05
3.643043e-05
2.288283e-05
1.437451e-05
9.032806e-06
5.674684e-06
3.553148e-06
2.240445e-06
1.403169e-06
8.859222e-07
5.682250e-07
3.391290e-07
2.194012e-07
3.367621e+00
9.277504e-01
2.261396e-01
4.483213e-02
2.151851e-02
1.334651e-02
8.298475e-03
5.151074e-03
3.187352e-03
1.972679e-03
1.219902e-03
7.540882e-04
4.660228e-04
2.877458e-04
1.778507e-04
1.098835e-04
6.787919e-05
4.193869e-05
2.591503e-05
1.599823e-05
9.881953e-06
6.118659e-06
3.763218e-06
2.336124e-06
1.443899e-06
8.860294e-07
5.387670e-07
3.448842e-07
2.049807e-07
3.297462e+00
9.222352e-01
2.275745e-01
4.308722e-02
1.968668e-02
1.198117e-02
7.336027e-03
4.482277e-03
2.730322e-03
1.661497e-03
1.011108e-03
6.146534e-04
3.739115e-04
2.273460e-04
1.382339e-04
8.403209e-05
5.110196e-05
3.105817e-05
1.887750e-05
1.147452e-05
6.976239e-06
4.254906e-06
2.570611e-06
1.579709e-06
9.523059e-07
5.708700e-07
3.609531e-07
2.087854e-07
1.265017e-07
3.233889e+00
9.210734e-01
2.298846e-01
4.191325e-02
1.829146e-02
1.098801e-02
6.617378e-03
3.971382e-03
2.383303e-03
1.428463e-03
8.554837e-04
5.123552e-04
3.066102e-04
1.835678e-04
1.098745e-04
6.578015e-05
3.935897e-05
2.356885e-05
1.411009e-05
8.446923e-06
5.050638e-06
3.017736e-06
1.818246e-06
1.080327e-06
6.496171e-07
3.928127e-07
2.280280e-07
1.411997e-07
3.186544e+00
9.173780e-01
2.313034e-01
4.106959e-02
1.711017e-02
1.009621e-02
5.996889e-03
3.546831e-03
2.095488e-03
1.236951e-03
7.297831e-04
4.304347e-04
2.538438e-04
1.496688e-04
8.824957e-05
5.203197e-05
3.066833e-05
1.808529e-05
1.065659e-05
6.285032e-06
3.718820e-06
2.182520e-06
1.285790e-06
7.534140e-07
4.468983e-07
2.615830e-07
1.616494e-07
9.503182e-08
3.147178e+00
9.134470e-01
2.329763e-01
4.039261e-02
1.619585e-02
9.410582e-03
5.505022e-03
3.206916e-03
1.866367e-03
1.084662e-03
6.305995e-04
3.664157e-04
2.126305e-04
1.236207e-04
7.180591e-05
4.170674e-05
2.421706e-05
1.407491e-05
8.175613e-06
4.748123e-06
2.754362e-06
1.603175e-06
9.390724e-07
5.435571e-07
3.031219e-07
1.849628e-07
1.132786e-07
