8.942086e+02
5.838567e+02
4.815415e+02
3.487174e+02
2.634387e+02
2.025517e+02
1.606037e+02
1.315170e+02
1.140048e+02
1.028064e+02
9.711721e+01
9.516306e+01
9.620906e+01
9.886295e+01
1.035876e+02
1.103378e+02
1.207805e+02
1.333479e+02
1.438702e+02
1.458725e+02
1.267981e+02
9.021335e+01
5.180901e+01
6.527315e+01
5.155237e+01
3.849962e+01
2.510493e+01
2.024786e+01
1.442640e+01
1.108863e+01
8.013660e+00
6.244318e+00
5.225603e+00
4.861521e+00
4.740577e+00
4.694311e+00
4.582593e+00
4.466115e+00
4.325677e+00
4.165934e+00
3.974520e+00
3.736556e+00
3.398672e+00
3.145706e+00
2.930251e+00
2.862549e+00
2.816596e+00
2.692379e+00
2.552460e+00
2.376010e+00
2.126080e+00
1.789751e+00
1.365335e+00
9.218879e-01
5.044099e-01
1.793167e-01
3.177347e-02
1.198689e-03
1.427445e-05
5.435311e-06
1.754367e+02
1.989556e+02
2.096967e+02
2.034727e+02
2.117434e+02
2.251057e+02
2.346121e+02
2.405768e+02
2.376829e+02
2.342788e+02
2.193010e+02
2.022713e+02
1.828918e+02
1.629203e+02
1.438376e+02
1.203325e+02
1.009052e+02
8.977575e+01
7.726723e+01
6.588935e+01
5.702510e+01
4.681066e+01
3.871018e+01
3.106079e+01
2.382800e+01
1.738780e+01
1.219702e+01
7.857176e+00
4.584744e+00
2.338511e+00
1.079590e+00
5.895244e-01
4.268932e-01
3.242028e-01
2.367766e-01
1.745930e-01
1.441481e-01
1.335338e-01
1.269427e-01
1.204351e-01
1.139189e-01
1.074281e-01
1.009464e-01
9.448468e-02
8.807478e-02
8.168473e-02
7.538522e-02
6.911617e-02
6.293153e-02
5.681714e-02
5.077742e-02
4.485600e-02
3.909401e-02
3.340820e-02
2.798506e-02
2.279726e-02
1.783980e-02
1.330412e-02
9.240971e-03
5.681624e-03
2.885356e-03
1.187779e-03
4.173158e-04
1.248387e-04
5.583962e-05
4.168246e-05
7.160893e-06
5.315567e-06
2.399477e-07
1.617925e-05
2.754898e-05
1.448650e-05
5.012372e-07
1.263661e-05
1.336372e-05
8.003040e-06
3.496078e-05
2.117839e-05
3.829622e-06
4.395563e-06
1.000557e+19
2.891096e+18
9.006786e+17
3.294147e+17
1.191211e+17
4.485365e+16
1.700378e+16
6.675602e+15
1.886052e+15
5.409881e+14
1.409644e+14
4.665379e+13
1.422993e+13
5.530326e+12
2.343349e+12
9.849739e+11
4.004829e+11
1.638355e+11
6.915368e+10
2.730299e+10
1.032851e+10
3.877907e+09
1.525722e+09
5.656886e+08
2.040446e+08
7.334982e+07
2.768109e+07
1.005801e+07
3.652578e+06
1.320475e+06
5.080546e+05
1.860921e+05
6.772242e+04
2.443115e+04
9.398011e+03
3.432866e+03
1.238744e+03
4.460261e+02
1.718025e+02
6.144582e+01
2.150557e+01
7.665394e+00
2.436581e+00
6.316051e-01
9.099919e-02
4.446445e-03
1.660478e-04
1.101990e-04
8.329293e-05
6.296278e-05
4.757368e-05
3.594977e-05
2.716244e-05
2.053876e-05
1.551968e-05
1.175316e-05
8.848960e-06
6.698408e-06
5.081562e-06
3.822258e-06
2.918260e-06
2.205002e-06
1.745819e-06
1.251352e-06
9.628653e-07
7.187272e-07
5.789866e-07
4.852920e-07
4.068075e-07
2.489079e-07
1.929026e-07
1.375611e-07
1.077579e-07
2.014031e-07
7.056796e-08
7.007238e-08
9.334798e-01
3.207259e-01
8.869185e-02
1.051096e-02
9.502174e-04
6.397566e-04
4.841805e-04
3.664545e-04
2.773204e-04
2.099024e-04
1.588275e-04
1.202178e-04
9.097523e-05
6.887398e-05
5.213884e-05
3.940666e-05
2.987137e-05
2.258191e-05
1.714282e-05
1.293228e-05
9.834488e-06
7.391416e-06
5.658110e-06
4.249105e-06
3.204053e-06
2.425170e-06
1.916097e-06
1.401024e-06
1.111463e-06
9.275224e-01
3.220484e-01
8.814738e-02
1.037128e-02
9.314188e-04
6.253747e-04
4.738989e-04
3.591169e-04
2.721504e-04
2.061928e-04
1.563126e-04
1.184072e-04
8.973170e-05
6.801922e-05
5.154947e-05
3.904977e-05
2.959865e-05
2.246863e-05
1.698544e-05
1.292289e-05
9.760895e-06
7.383668e-06
5.592847e-06
4.283694e-06
3.210100e-06
2.528080e-06
1.894271e-06
1.503509e-06
1.059111e-06
9.178073e-01
3.243265e-01
8.845517e-02
1.034090e-02
9.125172e-04
6.126377e-04
4.648256e-04
3.526534e-04
2.674913e-04
2.029884e-04
1.540258e-04
1.168068e-04
8.864097e-05
6.728096e-05
5.103147e-05
3.871884e-05
2.937755e-05
2.230501e-05
1.689217e-05
1.282305e-05
9.747317e-06
7.396541e-06
5.600629e-06
4.246511e-06
3.221551e-06
2.502962e-06
1.851067e-06
1.418849e-06
1.125845e-06
9.112869e-01
3.223421e-01
8.847985e-02
1.040687e-02
8.985595e-04
6.017378e-04
4.570159e-04
3.471167e-04
2.636280e-04
2.002264e-04
1.520390e-04
1.154906e-04
8.775521e-05
6.660722e-05
5.059510e-05
3.845009e-05
2.918539e-05
2.219227e-05
1.683344e-05
1.279161e-05
9.710619e-06
7.368307e-06
5.596321e-06
4.319986e-06
3.231266e-06
2.461104e-06
1.873326e-06
1.442069e-06
1.100653e-06
9.009591e-01
3.263232e-01
8.951913e-02
1.038649e-02
8.869146e-04
5.930511e-04
4.508568e-04
3.427326e-04
2.605490e-04
1.980994e-04
1.505615e-04
1.144813e-04
8.703645e-05
6.617401e-05
5.029373e-05
3.825081e-05
2.911348e-05
2.210838e-05
1.679923e-05
1.275580e-05
9.735793e-06
7.433054e-06
5.598216e-06
4.269425e-06
3.243452e-06
2.461003e-06
1.959731e-06
1.421302e-06
1.098303e-06
9.044758e-01
3.233543e-01
8.945377e-02
1.039804e-02
8.777311e-04
5.858630e-04
4.457676e-04
3.391875e-04
2.580739e-04
1.963828e-04
1.494042e-04
1.136851e-04
8.652251e-05
6.584743e-05
5.008444e-05
3.810351e-05
2.898722e-05
2.209573e-05
1.676874e-05
1.282761e-05
9.708882e-06
7.434696e-06
5.627311e-06
4.271132e-06
3.250559e-06
2.558176e-06
1.892957e-06
1.434740e-06
1.108857e-06
9.030918e-01
3.251775e-01
8.997705e-02
1.053548e-02
8.713933e-04
5.804372e-04
4.419926e-04
3.365733e-04
2.563017e-04
1.951156e-04
1.486430e-04
1.131481e-04
8.620501e-05
6.563551e-05
4.997847e-05
3.805365e-05
2.898095e-05
2.207478e-05
1.679769e-05
1.283470e-05
9.727986e-06
7.414590e-06
5.670100e-06
4.314721e-06
3.271140e-06
2.527425e-06
1.894851e-06
1.442453e-06
1.159256e-06
9.031003e-01
3.252669e-01
9.018086e-02
1.052833e-02
8.743295e-04
5.766381e-04
4.394050e-04
3.347867e-04
2.551692e-04
1.944248e-04
1.481825e-04
1.128968e-04
8.603043e-05
6.555982e-05
4.998520e-05
3.807125e-05
2.901062e-05
2.217451e-05
1.681204e-05
1.289148e-05
9.778130e-06
7.491566e-06
5.691972e-06
4.314882e-06
3.354426e-06
2.510914e-06
1.912088e-06
1.482410e-06
1.110529e-06
9.011708e-01
3.282723e-01
9.047293e-02
1.044607e-02
8.636778e-04
5.744393e-04
4.379840e-04
3.339820e-04
2.546265e-04
1.941735e-04
1.480804e-04
1.128787e-04
8.612388e-05
6.563828e-05
5.007267e-05
3.819631e-05
2.913307e-05
2.216233e-05
1.693395e-05
1.292268e-05
9.846770e-06
7.507896e-06
5.712265e-06
4.386075e-06
3.324934e-06
2.537370e-06
1.936263e-06
1.492380e-06
1.123738e-06
8.933214e-01
3.319197e-01
9.160129e-02
1.055577e-02
8.645559e-04
5.741187e-04
4.380303e-04
3.342081e-04
2.549496e-04
1.945244e-04
1.484185e-04
1.132220e-04
8.640603e-05
6.590537e-05
5.031835e-05
3.836283e-05
2.926037e-05
2.239312e-05
1.704038e-05
1.302606e-05
9.892126e-06
7.617568e-06
5.766859e-06
4.407047e-06
3.374306e-06
2.603737e-06
1.950856e-06
1.510509e-06
1.135948e-06
8.933955e-01
3.304780e-01
9.213294e-02
1.055238e-02
8.653331e-04
5.753041e-04
4.391285e-04
3.351893e-04
2.558917e-04
1.953171e-04
1.491087e-04
1.138129e-04
8.691021e-05
6.632105e-05
5.063778e-05
3.865144e-05
2.948507e-05
2.250568e-05
1.725974e-05
1.310877e-05
1.002416e-05
7.633650e-06
5.907586e-06
4.447957e-06
3.400486e-06
2.589754e-06
2.025182e-06
1.510935e-06
1.175879e-06
9.008984e-07
8.970777e-01
3.341164e-01
9.250352e-02
1.067722e-02
8.696135e-04
5.780705e-04
4.414208e-04
3.371116e-04
2.574535e-04
1.966109e-04
1.501777e-04
1.146574e-04
8.759599e-05
6.687746e-05
5.108653e-05
3.906216e-05
2.976643e-05
2.278068e-05
1.737092e-05
1.327236e-05
1.016528e-05
7.743627e-06
5.930727e-06
4.501743e-06
3.489278e-06
2.624279e-06
2.003745e-06
1.612796e-06
1.169975e-06
8.993409e-07
9.007374e-01
3.373828e-01
9.374485e-02
1.072243e-02
8.760206e-04
5.824277e-04
4.449901e-04
3.399491e-04
2.597468e-04
1.984430e-04
1.516079e-04
1.158252e-04
8.851688e-05
6.761716e-05
5.168454e-05
3.946189e-05
3.016643e-05
2.305737e-05
1.760604e-05
1.345907e-05
1.026037e-05
7.878089e-06
6.009632e-06
4.564897e-06
3.526635e-06
2.666884e-06
2.074619e-06
1.558187e-06
1.222798e-06
9.249641e-07
9.079885e-01
3.352397e-01
9.309575e-02
1.087721e-02
8.845123e-04
5.883866e-04
4.496514e-04
3.436556e-04
2.626524e-04
2.007418e-04
1.534379e-04
1.172972e-04
8.961763e-05
6.850108e-05
5.238596e-05
3.999721e-05
3.063690e-05
2.336502e-05
1.788723e-05
1.365216e-05
1.042094e-05
8.030204e-06
6.076400e-06
4.693133e-06
3.558949e-06
2.728460e-06
2.129930e-06
1.609178e-06
1.240805e-06
9.413262e-07
9.078405e-01
3.404519e-01
9.291852e-02
1.090453e-02
8.948974e-04
5.956760e-04
4.554611e-04
3.481624e-04
2.662044e-04
2.035162e-04
1.556007e-04
1.189628e-04
9.094212e-05
6.956235e-05
5.316746e-05
4.065800e-05
3.111590e-05
2.373912e-05
1.819234e-05
1.389198e-05
1.062695e-05
8.100221e-06
6.260299e-06
4.744025e-06
3.618285e-06
2.823707e-06
2.113075e-06
1.617440e-06
1.278863e-06
9.594224e-07
8.994332e-01
3.465756e-01
9.566403e-02
1.094439e-02
9.073001e-04
6.049388e-04
4.626547e-04
3.537591e-04
2.705811e-04
2.069103e-04
1.582267e-04
1.210065e-04
9.260239e-05
7.074586e-05
5.413866e-05
4.143910e-05
3.163680e-05
2.421558e-05
1.855044e-05
1.416464e-05
1.084603e-05
8.279459e-06
6.353090e-06
4.832857e-06
3.720108e-06
2.836457e-06
2.198056e-06
1.651176e-06
1.293124e-06
9.754589e-07
9.083173e-01
3.454710e-01
9.536193e-02
1.102064e-02
9.221357e-04
6.157463e-04
4.709818e-04
3.602785e-04
2.756118e-04
2.108199e-04
1.612725e-04
1.233293e-04
9.439830e-05
7.218883e-05
5.521444e-05
4.228686e-05
3.231380e-05
2.472436e-05
1.894263e-05
1.443988e-05
1.109103e-05
8.504284e-06
6.471135e-06
4.939521e-06
3.850015e-06
2.887704e-06
2.215382e-06
1.750041e-06
1.321822e-06
9.965625e-07
9.149483e-01
3.518358e-01
9.583881e-02
1.103412e-02
9.399030e-04
6.283555e-04
4.807081e-04
3.678179e-04
2.813926e-04
2.153138e-04
1.647609e-04
1.260495e-04
9.642787e-05
7.381956e-05
5.649278e-05
4.320750e-05
3.305209e-05
2.528904e-05
1.936108e-05
1.479085e-05
1.135539e-05
8.688968e-06
6.626372e-06
5.110792e-06
3.866395e-06
3.037840e-06
2.269800e-06
1.748060e-06
1.370609e-06
1.024951e-06
9.239414e-01
3.516316e-01
9.712208e-02
1.114749e-02
9.578772e-04
6.425443e-04
4.916834e-04
3.762419e-04
2.879581e-04
2.203423e-04
1.686217e-04
1.290675e-04
9.874851e-05
7.559598e-05
5.785103e-05
4.426820e-05
3.390830e-05
2.593624e-05
1.981932e-05
1.518939e-05
1.162013e-05
8.923648e-06
6.804914e-06
5.247011e-06
3.968484e-06
3.041190e-06
2.410390e-06
1.779590e-06
1.380155e-06
1.098384e-06
9.275189e-01
3.556596e-01
9.814142e-02
1.139156e-02
9.809590e-04
6.583543e-04
5.038896e-04
3.857026e-04
2.951850e-04
2.259164e-04
1.729157e-04
1.323949e-04
1.012963e-04
7.757954e-05
5.936300e-05
4.548049e-05
3.475396e-05
2.662714e-05
2.037904e-05
1.560714e-05
1.192118e-05
9.143922e-06
7.030831e-06
5.346996e-06
4.098707e-06
3.141373e-06
2.390634e-06
1.859357e-06
1.409358e-06
1.096811e-06
9.270206e-01
3.610147e-01
9.899491e-02
1.146986e-02
1.013456e-03
6.762724e-04
5.176718e-04
3.962651e-04
3.033514e-04
2.322494e-04
1.777769e-04
1.360748e-04
1.041719e-04
7.974300e-05
6.106550e-05
4.673282e-05
3.581656e-05
2.736943e-05
2.097129e-05
1.605197e-05
1.231999e-05
9.406141e-06
7.203718e-06
5.534441e-06
4.214632e-06
3.218232e-06
2.499821e-06
1.893877e-06
1.444066e-06
1.152910e-06
9.336553e-01
3.641142e-01
1.005896e-01
1.151153e-02
1.030502e-03
6.962809e-04
5.330102e-04
4.080936e-04
3.124318e-04
2.391956e-04
1.831410e-04
1.402089e-04
1.073455e-04
8.224849e-05
6.291285e-05
4.818185e-05
3.692662e-05
2.824646e-05
2.159788e-05
1.655841e-05
1.272247e-05
9.703618e-06
7.408900e-06
5.736327e-06
4.381131e-06
3.319637e-06
2.570836e-06
1.960430e-06
1.516034e-06
1.148813e-06
9.470892e-01
3.664975e-01
1.010676e-01
1.165725e-02
1.060969e-03
7.183729e-04
5.500010e-04
4.211001e-04
3.224375e-04
2.468934e-04
1.890446e-04
1.447462e-04
1.108512e-04
8.487916e-05
6.500058e-05
4.975989e-05
3.811136e-05
2.918202e-05
2.234587e-05
1.711876e-05
1.310578e-05
1.001876e-05
7.690912e-06
5.896170e-06
4.535252e-06
3.430543e-06
2.635859e-06
2.032627e-06
1.581955e-06
1.196418e-06
9.068218e-07
9.559162e-01
3.720533e-01
1.022893e-01
1.171564e-02
1.092277e-03
7.425916e-04
5.686178e-04
4.353987e-04
3.333944e-04
2.553319e-04
1.955016e-04
1.497293e-04
1.146554e-04
8.779739e-05
6.725025e-05
5.149262e-05
3.942092e-05
3.019260e-05
2.316679e-05
1.769431e-05
1.356364e-05
1.039435e-05
7.965483e-06
6.087921e-06
4.687935e-06
3.561074e-06
2.726635e-06
2.100724e-06
1.624461e-06
1.239595e-06
9.482794e-07
9.611214e-01
3.761070e-01
1.048218e-01
1.202046e-02
1.128666e-03
7.694279e-04
5.891431e-04
4.511297e-04
3.455300e-04
2.645971e-04
2.026061e-04
1.551831e-04
1.188721e-04
9.102897e-05
6.968631e-05
5.341359e-05
4.090126e-05
3.131835e-05
2.395682e-05
1.839141e-05
1.404831e-05
1.079511e-05
8.244153e-06
6.321415e-06
4.865137e-06
3.697101e-06
2.831725e-06
2.184692e-06
1.673935e-06
1.274441e-06
1.004456e-06
9.602527e-01
3.841172e-01
1.054963e-01
1.218212e-02
1.173314e-03
7.992369e-04
6.120522e-04
4.686895e-04
3.589665e-04
2.749352e-04
2.105654e-04
1.612612e-04
1.234965e-04
9.461125e-05
7.245147e-05
5.552467e-05
4.249371e-05
3.254151e-05
2.498294e-05
1.907491e-05
1.464158e-05
1.122349e-05
8.562158e-06
6.564538e-06
5.038487e-06
3.874231e-06
2.982360e-06
2.248748e-06
1.724948e-06
1.342087e-06
1.013775e-06
9.762209e-01
3.907013e-01
1.051570e-01
1.232521e-02
1.212907e-03
8.325069e-04
6.375803e-04
4.882976e-04
3.739950e-04
2.864165e-04
2.194048e-04
1.680311e-04
1.287069e-04
9.856676e-05
7.553208e-05
5.782003e-05
4.430791e-05
3.396843e-05
2.597550e-05
1.990659e-05
1.524801e-05
1.168075e-05
8.980101e-06
6.826379e-06
5.291517e-06
4.016923e-06
3.062524e-06
2.392294e-06
1.803744e-06
1.389348e-06
1.055965e-06
9.967926e-01
3.941413e-01
1.095077e-01
1.261060e-02
1.265652e-03
8.693844e-04
6.658711e-04
5.099724e-04
3.906034e-04
2.991956e-04
2.291740e-04
1.755016e-04
1.344840e-04
1.029916e-04
7.887233e-05
6.043174e-05
4.630587e-05
3.544458e-05
2.715551e-05
2.079694e-05
1.597505e-05
1.218449e-05
9.351829e-06
7.196839e-06
5.482884e-06
4.192703e-06
3.225962e-06
2.481025e-06
1.879760e-06
1.437465e-06
1.180332e-06
1.014588e+00
3.998368e-01
1.100230e-01
1.265900e-02
1.318031e-03
9.109752e-04
6.977372e-04
5.344124e-04
4.093317e-04
3.135631e-04
2.401801e-04
1.839641e-04
1.409121e-04
1.079703e-04
8.268786e-05
6.337900e-05
4.850159e-05
3.718181e-05
2.847242e-05
2.179993e-05
1.676059e-05
1.277993e-05
9.824786e-06
7.486614e-06
5.812352e-06
4.391547e-06
3.359331e-06
2.632853e-06
1.971232e-06
1.561835e-06
1.154674e-06
1.024429e+00
4.084000e-01
1.108371e-01
1.296420e-02
1.379389e-03
9.585016e-04
7.342046e-04
5.623745e-04
4.307954e-04
3.299757e-04
2.528027e-04
1.936415e-04
1.483229e-04
1.136286e-04
8.706157e-05
6.672686e-05
5.107591e-05
3.911792e-05
3.001365e-05
2.296867e-05
1.760565e-05
1.345395e-05
1.033232e-05
7.929147e-06
6.075860e-06
4.659313e-06
3.534391e-06
2.749803e-06
2.107492e-06
1.591592e-06
1.227981e-06
9.349368e-07
1.037242e+00
4.122237e-01
1.112756e-01
1.293761e-02
1.451089e-03
1.013879e-03
7.766533e-04
5.949690e-04
4.557645e-04
3.491388e-04
2.674949e-04
2.049324e-04
1.569760e-04
1.203009e-04
9.215494e-05
7.060157e-05
5.408012e-05
4.141022e-05
3.175947e-05
2.430913e-05
1.867602e-05
1.425025e-05
1.094370e-05
8.390293e-06
6.440552e-06
4.893194e-06
3.787517e-06
2.910962e-06
2.206532e-06
1.695520e-06
1.307394e-06
9.883809e-07
1.044171e+00
4.127051e-01
1.120008e-01
1.301451e-02
1.540217e-03
1.079614e-03
8.271471e-04
6.336687e-04
4.855113e-04
3.720019e-04
2.849996e-04
2.183521e-04
1.673302e-04
1.282138e-04
9.822876e-05
7.527686e-05
5.768208e-05
4.417198e-05
3.387820e-05
2.594985e-05
1.987316e-05
1.522317e-05
1.166901e-05
8.982785e-06
6.854858e-06
5.231481e-06
4.013082e-06
3.121776e-06
2.348985e-06
1.820942e-06
1.440176e-06
1.066830e-06
1.049230e+00
4.154899e-01
1.128453e-01
1.331801e-02
1.645879e-03
1.161635e-03
8.901725e-04
6.821424e-04
5.227289e-04
4.005977e-04
3.069958e-04
2.352838e-04
1.803082e-04
1.381757e-04
1.058979e-04
8.117566e-05
6.220351e-05
4.767628e-05
3.653875e-05
2.799468e-05
2.147226e-05
1.644961e-05
1.259573e-05
9.662132e-06
7.416541e-06
5.690849e-06
4.342656e-06
3.321334e-06
2.547814e-06
1.976111e-06
1.506531e-06
1.167297e-06
1.060224e+00
4.165035e-01
1.152439e-01
1.362305e-02
1.775819e-03
1.266652e-03
9.710386e-04
7.443871e-04
5.706383e-04
4.374797e-04
3.354049e-04
2.571523e-04
1.971387e-04
1.511376e-04
1.158804e-04
8.883874e-05
6.813569e-05
5.223574e-05
4.004327e-05
3.069644e-05
2.352963e-05
1.805075e-05
1.384196e-05
1.058043e-05
8.133083e-06
6.239260e-06
4.825465e-06
3.649767e-06
2.837712e-06
2.147438e-06
1.649880e-06
1.270479e-06
9.685039e-07
1.072443e+00
4.231412e-01
1.166315e-01
1.388932e-02
1.951430e-03
1.404846e-03
1.077725e-03
8.267183e-04
6.341885e-04
4.865007e-04
3.732430e-04
2.863377e-04
2.196740e-04
1.685466e-04
1.292820e-04
9.920803e-05
7.609791e-05
5.839847e-05
4.478702e-05
3.435684e-05
2.637678e-05
2.023735e-05
1.551649e-05
1.189267e-05
9.140529e-06
7.024258e-06
5.369592e-06
4.118009e-06
3.182082e-06
2.434520e-06
1.884778e-06
1.429116e-06
1.090811e-06
1.101490e+00
4.335020e-01
1.189379e-01
1.453935e-02
2.190353e-03
1.592515e-03
1.223052e-03
9.392586e-04
7.213221e-04
5.539630e-04
4.254775e-04
3.267662e-04
2.509621e-04
1.927514e-04
1.480615e-04
1.137279e-04
8.734096e-05
6.708421e-05
5.151811e-05
3.958268e-05
3.039873e-05
2.334509e-05
1.794590e-05
1.375834e-05
1.057797e-05
8.132868e-06
6.255603e-06
4.792760e-06
3.670464e-06
2.826568e-06
2.171915e-06
1.678396e-06
1.282799e-06
9.783475e-07
1.148636e+00
4.493790e-01
1.231599e-01
1.534027e-02
2.510415e-03
1.845173e-03
1.419654e-03
1.092202e-03
8.403133e-04
6.465163e-04
4.974549e-04
3.827518e-04
2.944867e-04
2.266101e-04
1.743702e-04
1.341593e-04
1.032410e-04
7.944957e-05
6.113328e-05
4.703817e-05
3.619628e-05
2.784759e-05
2.143839e-05
1.646879e-05
1.269110e-05
9.766584e-06
7.515453e-06
5.784786e-06
4.449710e-06
3.420042e-06
2.637045e-06
2.027910e-06
1.555670e-06
1.235465e-06
1.212856e+00
4.748929e-01
1.307007e-01
1.642987e-02
2.929518e-03
2.176454e-03
1.679296e-03
1.295543e-03
9.995366e-04
7.711966e-04
5.950312e-04
4.591404e-04
3.542757e-04
2.733462e-04
2.109544e-04
1.627697e-04
1.256009e-04
9.691381e-05
7.478007e-05
5.772886e-05
4.452797e-05
3.435605e-05
2.652225e-05
2.046462e-05
1.578603e-05
1.219361e-05
9.407299e-06
7.243213e-06
5.614066e-06
4.318498e-06
3.336354e-06
2.574282e-06
1.998372e-06
1.528360e-06
1.177228e-06
1.307925e+00
5.092733e-01
1.381538e-01
1.779620e-02
3.453694e-03
2.591193e-03
2.007429e-03
1.555007e-03
1.204638e-03
9.332463e-04
7.230259e-04
5.602041e-04
4.340133e-04
3.362965e-04
2.605688e-04
2.018895e-04
1.564346e-04
1.212156e-04
9.392565e-05
7.276429e-05
5.638914e-05
4.370618e-05
3.384689e-05
2.624189e-05
2.032862e-05
1.574649e-05
1.219721e-05
9.467981e-06
7.322967e-06
5.679995e-06
4.395426e-06
3.428204e-06
2.633084e-06
2.050661e-06
1.582950e-06
1.270292e-06
1.429231e+00
5.497109e-01
1.464800e-01
1.933403e-02
4.045818e-03
3.071715e-03
2.392902e-03
1.863949e-03
1.452036e-03
1.131208e-03
8.813437e-04
6.866704e-04
5.350315e-04
4.168792e-04
3.248276e-04
2.531165e-04
1.972223e-04
1.536775e-04
1.197580e-04
9.331248e-05
7.271479e-05
5.665676e-05
4.415478e-05
3.440768e-05
2.681054e-05
2.088681e-05
1.628900e-05
1.268118e-05
9.889570e-06
7.703895e-06
5.995948e-06
4.677460e-06
3.653218e-06
2.834293e-06
2.223658e-06
1.720942e-06
1.340701e-06
1.569053e+00
5.926682e-01
1.561818e-01
2.083781e-02
4.677537e-03
3.586988e-03
2.814456e-03
2.207821e-03
1.732208e-03
1.359152e-03
1.066505e-03
8.369219e-04
6.567764e-04
5.154275e-04
4.045114e-04
3.174674e-04
2.491526e-04
1.955488e-04
1.534744e-04
1.204523e-04
9.454181e-05
7.420073e-05
5.823408e-05
4.570664e-05
3.588078e-05
2.815963e-05
2.209819e-05
1.734236e-05
1.361884e-05
1.067992e-05
8.389197e-06
6.583214e-06
5.162843e-06
4.063170e-06
3.179724e-06
2.500393e-06
1.960328e-06
1.538434e-06
1.205713e-06
1.709621e+00
6.336600e-01
1.666810e-01
2.250306e-02
5.286858e-03
4.100288e-03
3.244243e-03
2.566792e-03
2.030595e-03
1.607042e-03
1.271841e-03
1.006615e-03
7.967489e-04
6.306473e-04
4.992608e-04
3.951814e-04
3.128245e-04
2.476868e-04
1.960505e-04
1.552025e-04
1.228598e-04
9.726107e-05
7.699941e-05
6.095085e-05
4.825647e-05
3.819959e-05
3.024030e-05
2.393896e-05
1.895424e-05
1.500407e-05
1.187774e-05
9.402649e-06
7.442367e-06
5.895014e-06
4.664579e-06
3.691037e-06
2.925053e-06
2.315840e-06
1.835392e-06
1.449096e-06
1.839522e+00
6.731807e-01
1.763829e-01
2.416212e-02
5.836795e-03
4.577591e-03
3.656544e-03
2.920675e-03
2.333479e-03
1.864479e-03
1.489885e-03
1.190636e-03
9.515538e-04
7.605127e-04
6.078532e-04
4.858519e-04
3.883439e-04
3.104166e-04
2.481269e-04
1.983402e-04
1.585462e-04
1.267340e-04
1.013067e-04
8.098470e-05
6.473564e-05
5.174918e-05
4.136833e-05
3.306602e-05
2.643265e-05
2.113398e-05
1.689095e-05
1.350339e-05
1.079363e-05
8.628485e-06
6.901132e-06
5.511358e-06
4.409647e-06
3.525396e-06
2.816151e-06
2.250394e-06
1.800484e-06
1.440575e-06
1.953172e+00
7.062807e-01
1.862378e-01
2.559303e-02
6.288001e-03
4.987441e-03
4.025748e-03
3.249456e-03
2.623038e-03
2.117723e-03
1.709944e-03
1.380806e-03
1.115103e-03
9.005773e-04
7.273591e-04
5.874815e-04
4.745166e-04
3.832838e-04
3.095971e-04
2.500801e-04
2.020092e-04
1.631790e-04
1.318156e-04
1.064777e-04
8.601433e-05
6.948380e-05
5.612721e-05
4.534139e-05
3.662569e-05
2.958783e-05
2.390220e-05
1.930749e-05
1.559803e-05
1.259927e-05
1.017820e-05
8.221565e-06
6.643907e-06
5.364601e-06
4.334667e-06
3.501081e-06
2.831040e-06
2.284456e-06
1.845242e-06
1.493206e-06
2.037041e+00
7.359390e-01
1.955042e-01
2.718334e-02
6.658533e-03
5.336164e-03
4.353145e-03
3.551560e-03
2.897403e-03
2.364934e-03
1.930330e-03
1.575752e-03
1.286411e-03
1.050271e-03
8.575235e-04
7.001826e-04
5.717312e-04
4.668595e-04
3.812329e-04
3.113187e-04
2.542292e-04
2.076113e-04
1.695439e-04
1.384579e-04
1.130725e-04
9.234192e-05
7.541158e-05
6.158625e-05
5.029558e-05
4.107579e-05
3.354469e-05
2.739499e-05
2.237376e-05
1.827194e-05
1.492133e-05
1.218644e-05
9.952718e-06
8.128133e-06
6.638435e-06
5.421069e-06
4.427082e-06
3.617472e-06
2.952827e-06
2.411696e-06
1.969492e-06
2.104545e+00
7.639823e-01
2.039891e-01
2.850936e-02
6.921406e-03
5.607515e-03
4.624648e-03
3.813263e-03
3.146328e-03
2.596051e-03
2.142302e-03
1.768059e-03
1.459328e-03
1.204598e-03
9.943945e-04
8.209146e-04
6.777288e-04
5.595375e-04
4.619717e-04
3.814277e-04
3.149326e-04
2.600340e-04
2.147082e-04
1.772851e-04
1.463861e-04
1.208734e-04
9.980772e-05
8.241381e-05
6.805148e-05
5.619232e-05
4.640009e-05
3.831420e-05
3.163742e-05
2.612442e-05
2.157200e-05
1.781298e-05
1.470886e-05
1.214568e-05
1.002927e-05
8.281788e-06
6.838525e-06
5.646929e-06
4.662908e-06
3.850335e-06
3.179433e-06
2.625513e-06
2.168094e-06
1.790456e-06
2.152466e+00
7.821159e-01
2.112884e-01
2.965372e-02
7.098099e-03
5.805475e-03
4.839735e-03
4.035288e-03
3.365245e-03
2.806944e-03
2.341604e-03
1.953644e-03
1.630127e-03
1.360297e-03
1.135211e-03
9.474251e-04
7.907410e-04
6.599969e-04
5.508884e-04
4.598314e-04
3.838339e-04
3.204032e-04
2.674590e-04
2.232671e-04
1.863783e-04
1.555865e-04
1.298828e-04
1.084260e-04
9.051445e-05
7.556248e-05
6.308014e-05
5.266048e-05
4.396163e-05
3.669999e-05
3.063836e-05
2.557702e-05
2.135249e-05
1.782573e-05
1.488110e-05
1.242315e-05
1.037116e-05
8.658297e-06
7.228078e-06
6.034198e-06
5.037454e-06
4.205496e-06
3.510759e-06
2.930962e-06
2.447184e-06
2.042606e-06
2.179345e+00
8.029378e-01
2.187936e-01
3.083095e-02
7.201353e-03
5.942938e-03
5.007238e-03
4.218426e-03
3.555703e-03
2.997358e-03
2.526961e-03
2.130612e-03
1.796774e-03
1.515352e-03
1.278105e-03
1.078072e-03
9.092360e-04
7.670275e-04
6.470717e-04
5.458928e-04
4.605485e-04
3.885552e-04
3.278224e-04
2.765867e-04
2.333627e-04
1.968953e-04
1.661282e-04
1.401702e-04
1.182690e-04
9.979066e-05
8.419972e-05
7.104455e-05
5.994562e-05
5.057967e-05
4.267860e-05
3.601044e-05
3.038537e-05
2.563792e-05
2.163348e-05
1.825376e-05
1.540149e-05
1.299610e-05
1.096589e-05
9.252644e-06
7.807482e-06
6.587433e-06
5.558830e-06
4.690144e-06
3.957413e-06
3.339123e-06
2.818187e-06
2.377356e-06
2.198345e+00
8.135021e-01
2.250963e-01
3.189815e-02
7.243960e-03
6.019134e-03
5.123980e-03
4.361994e-03
3.714113e-03
3.163036e-03
2.693307e-03
2.294646e-03
1.954960e-03
1.665719e-03
1.419386e-03
1.209478e-03
1.030778e-03
8.785009e-04
7.488650e-04
6.382363e-04
5.440094e-04
4.637063e-04
3.952651e-04
3.369323e-04
2.872135e-04
2.448349e-04
2.087106e-04
1.779189e-04
1.516716e-04
1.292965e-04
1.102235e-04
9.396498e-05
8.010348e-05
6.828859e-05
5.821655e-05
4.962892e-05
4.230910e-05
3.606951e-05
3.074842e-05
2.621412e-05
2.234756e-05
1.905121e-05
1.624191e-05
1.384626e-05
1.180403e-05
1.006308e-05
8.578883e-06
7.313569e-06
6.235667e-06
5.315211e-06
4.531284e-06
3.863299e-06
3.293292e-06
2.807675e-06
2.393654e-06
2.205172e+00
8.288071e-01
2.312275e-01
3.278588e-02
7.221905e-03
6.046473e-03
5.197393e-03
4.467973e-03
3.841733e-03
3.303870e-03
2.841754e-03
2.444604e-03
2.103201e-03
1.809654e-03
1.557212e-03
1.340083e-03
1.153302e-03
9.926093e-04
8.542136e-04
7.353094e-04
6.329338e-04
5.448259e-04
4.689961e-04
4.037294e-04
3.475526e-04
2.991962e-04
2.575714e-04
2.217406e-04
1.908967e-04
1.643436e-04
1.414857e-04
1.218078e-04
1.048674e-04
9.028370e-05
7.772699e-05
6.691863e-05
5.761255e-05
4.960092e-05
4.270318e-05
3.676572e-05
3.165263e-05
2.725125e-05
2.346232e-05
2.019970e-05
1.739053e-05
1.497278e-05
1.289109e-05
1.109837e-05
9.554306e-06
8.227178e-06
7.081877e-06
6.098712e-06
5.249331e-06
4.519955e-06
3.892084e-06
3.349676e-06
2.884590e-06
2.205738e+00
8.370156e-01
2.358494e-01
3.373146e-02
7.173795e-03
6.041428e-03
5.241736e-03
4.548275e-03
3.947371e-03
3.426471e-03
2.974772e-03
2.582964e-03
2.243024e-03
1.948020e-03
1.691963e-03
1.469675e-03
1.276674e-03
1.109083e-03
9.635394e-04
8.371314e-04
7.273346e-04
6.319582e-04
5.491049e-04
4.771097e-04
4.145779e-04
3.602478e-04
3.130427e-04
2.720262e-04
2.363869e-04
2.054191e-04
1.785108e-04
1.551266e-04
1.348082e-04
1.171500e-04
1.018081e-04
8.847365e-05
7.688576e-05
6.681735e-05
5.806658e-05
5.046303e-05
4.385284e-05
3.811072e-05
3.312118e-05
2.878279e-05
2.501351e-05
2.173884e-05
1.889148e-05
1.641777e-05
1.426877e-05
1.239951e-05
1.077610e-05
9.364341e-06
8.138582e-06
7.072507e-06
6.146285e-06
5.341970e-06
4.643013e-06
4.034546e-06
3.505418e-06
3.047933e-06
2.200894e+00
8.484427e-01
2.409391e-01
3.437310e-02
7.097096e-03
5.999956e-03
5.251065e-03
4.597135e-03
4.023745e-03
3.524281e-03
3.086798e-03
2.703981e-03
2.368916e-03
2.075581e-03
1.818731e-03
1.593789e-03
1.396763e-03
1.224167e-03
1.072954e-03
9.404627e-04
8.243637e-04
7.226232e-04
6.334580e-04
5.553109e-04
4.868138e-04
4.267774e-04
3.741489e-04
3.280181e-04
2.875772e-04
2.521259e-04
2.210478e-04
1.938009e-04
1.699151e-04
1.489747e-04
1.306143e-04
1.145180e-04
1.004058e-04
8.803356e-05
7.718602e-05
6.767463e-05
5.933559e-05
5.202570e-05
4.561432e-05
3.999444e-05
3.506711e-05
3.074609e-05
2.695783e-05
2.363588e-05
2.072451e-05
1.817104e-05
1.593240e-05
1.396934e-05
1.224861e-05
1.073931e-05
9.415882e-06
8.255713e-06
7.239560e-06
6.346584e-06
5.565224e-06
4.879463e-06
4.277999e-06
3.751757e-06
3.288751e-06
2.193217e+00
8.549813e-01
2.451048e-01
3.504061e-02
6.982973e-03
5.933204e-03
5.237312e-03
4.623256e-03
4.082532e-03
3.604930e-03
3.183425e-03
2.812040e-03
2.484203e-03
2.194808e-03
1.939298e-03
1.713668e-03
1.513948e-03
1.338121e-03
1.182652e-03
1.045297e-03
9.239338e-04
8.166904e-04
7.219194e-04
6.381651e-04
5.641400e-04
4.987151e-04
4.408854e-04
3.897672e-04
3.445835e-04
3.046400e-04
2.693317e-04
2.381170e-04
2.105220e-04
1.861269e-04
1.645599e-04
1.454927e-04
1.286358e-04
1.137320e-04
1.005553e-04
8.890638e-05
7.860649e-05
6.950123e-05
6.144912e-05
5.433186e-05
4.803730e-05
4.247347e-05
3.755354e-05
3.320336e-05
2.935732e-05
2.595716e-05
2.295023e-05
2.029171e-05
1.794146e-05
1.586377e-05
1.402628e-05
1.240085e-05
1.096569e-05
9.694690e-06
8.571640e-06
7.579493e-06
6.701285e-06
5.925146e-06
5.238684e-06
4.631912e-06
4.096194e-06
3.620635e-06
2.182719e+00
8.589050e-01
2.492857e-01
3.575611e-02
6.863043e-03
5.842449e-03
5.198081e-03
4.624971e-03
4.115791e-03
3.663257e-03
3.260944e-03
2.903179e-03
2.584957e-03
2.301843e-03
2.049918e-03
1.825708e-03
1.626134e-03
1.448465e-03
1.290281e-03
1.149426e-03
1.023993e-03
9.122837e-04
8.127881e-04
7.241671e-04
6.452255e-04
5.749027e-04
5.122572e-04
4.564452e-04
4.067226e-04
3.624208e-04
3.229484e-04
2.877807e-04
2.564430e-04
2.285216e-04
2.036414e-04
1.814725e-04
1.617162e-04
1.441122e-04
1.284258e-04
1.144473e-04
1.019899e-04
9.088988e-05
8.099838e-05
7.218239e-05
6.432651e-05
5.732532e-05
5.108791e-05
4.552765e-05
4.057294e-05
3.615818e-05
3.222377e-05
2.871619e-05
2.559207e-05
2.280654e-05
2.032545e-05
1.811333e-05
1.614256e-05
1.438529e-05
1.282078e-05
1.142523e-05
1.018191e-05
9.073924e-06
8.086724e-06
7.206612e-06
6.422736e-06
5.723811e-06
5.101181e-06
4.545770e-06
4.050812e-06
3.610277e-06
2.171554e+00
8.675385e-01
2.526557e-01
3.638528e-02
6.742610e-03
5.734071e-03
5.140143e-03
4.607577e-03
4.130888e-03
3.704080e-03
3.321824e-03
2.979376e-03
2.672522e-03
2.397503e-03
2.150972e-03
1.929941e-03
1.731743e-03
1.553995e-03
1.394391e-03
1.251472e-03
1.123188e-03
1.008096e-03
9.048272e-04
8.121651e-04
7.290128e-04
6.543905e-04
5.874208e-04
5.273158e-04
4.733695e-04
4.249484e-04
3.814872e-04
3.424748e-04
3.074552e-04
2.760206e-04
2.478025e-04
2.224698e-04
1.997288e-04
1.793146e-04
1.609872e-04
1.445335e-04
1.297636e-04
1.165014e-04
1.045965e-04
9.390824e-05
8.431316e-05
7.569630e-05
6.796297e-05
6.101889e-05
5.478328e-05
4.918661e-05
4.416110e-05
3.964936e-05
3.559831e-05
3.196118e-05
2.869588e-05
2.576436e-05
2.313125e-05
2.076929e-05
1.864682e-05
1.674234e-05
1.503128e-05
1.349544e-05
1.211738e-05
1.087926e-05
9.767955e-06
8.770062e-06
7.873626e-06
7.069870e-06
6.346994e-06
5.699466e-06
5.116271e-06
4.594027e-06
4.124477e-06
2.160929e+00
8.707783e-01
2.554290e-01
3.674864e-02
6.588032e-03
5.611722e-03
5.065623e-03
4.571973e-03
4.127836e-03
3.727313e-03
3.366086e-03
3.040221e-03
2.746188e-03
2.480826e-03
2.240814e-03
2.024735e-03
1.829505e-03
1.653201e-03
1.493970e-03
1.350145e-03
1.220220e-03
1.102842e-03
9.967936e-04
9.009711e-04
8.143859e-04
7.361416e-04
6.654300e-04
6.015244e-04
5.437677e-04
4.915654e-04
4.443803e-04
4.017328e-04
3.631814e-04
3.283332e-04
2.968333e-04
2.683577e-04
2.426156e-04
2.193434e-04
1.983075e-04
1.792888e-04
1.620956e-04
1.465500e-04
1.324989e-04
1.197937e-04
1.083070e-04
9.792317e-05
8.853429e-05
8.004638e-05
7.237239e-05
6.543497e-05
5.916074e-05
5.348927e-05
4.836252e-05
4.372518e-05
3.953408e-05
3.574455e-05
3.231783e-05
2.922071e-05
2.641921e-05
2.388653e-05
2.159729e-05
1.952703e-05
1.765523e-05
1.596299e-05
1.443195e-05
1.304949e-05
1.179920e-05
1.066769e-05
9.644865e-06
8.719959e-06
7.885103e-06
7.129681e-06
6.444865e-06
5.828113e-06
5.269012e-06
4.764314e-06
4.307575e-06
2.144008e+00
8.787875e-01
2.583873e-01
3.737392e-02
6.457667e-03
5.485585e-03
4.984677e-03
4.528510e-03
4.116009e-03
3.741205e-03
3.400945e-03
3.091501e-03
2.810939e-03
2.556050e-03
2.324464e-03
2.114016e-03
1.922750e-03
1.748640e-03
1.590712e-03
1.447032e-03
1.316391e-03
1.197593e-03
1.089556e-03
9.912997e-04
9.019331e-04
8.206439e-04
7.467018e-04
6.794372e-04
6.182446e-04
5.625753e-04
5.119266e-04
4.658448e-04
4.239186e-04
3.857693e-04
3.510582e-04
3.194745e-04
2.907334e-04
2.645828e-04
2.407830e-04
2.191281e-04
1.994218e-04
1.814886e-04
1.651688e-04
1.503172e-04
1.368024e-04
1.245020e-04
1.133090e-04
1.031219e-04
9.385199e-05
8.541425e-05
7.773613e-05
7.074892e-05
6.438859e-05
5.860169e-05
5.333326e-05
4.854006e-05
4.417684e-05
4.020654e-05
3.659192e-05
3.330350e-05
3.031037e-05
2.758555e-05
2.510673e-05
2.285003e-05
2.079644e-05
1.892728e-05
1.722606e-05
1.567811e-05
1.426843e-05
1.298687e-05
1.181943e-05
1.075696e-05
9.790808e-06
8.910272e-06
8.109646e-06
7.380980e-06
6.717448e-06
6.113807e-06
5.564567e-06
5.064279e-06
4.609118e-06
2.133667e+00
8.835864e-01
2.609389e-01
3.784151e-02
6.326311e-03
5.353302e-03
4.893539e-03
4.474992e-03
4.092325e-03
3.742848e-03
3.423417e-03
3.131160e-03
2.864955e-03
2.621336e-03
2.397939e-03
2.194518e-03
2.008339e-03
1.838065e-03
1.682317e-03
1.539843e-03
1.409499e-03
1.290241e-03
1.181119e-03
1.081263e-03
9.898791e-04
9.062458e-04
8.297000e-04
7.596389e-04
6.955075e-04
6.368037e-04
5.830666e-04
5.338707e-04
4.888354e-04
4.476049e-04
4.098577e-04
3.752968e-04
3.436541e-04
3.146840e-04
2.881578e-04
2.638691e-04
2.416299e-04
2.212678e-04
2.026211e-04
1.855481e-04
1.699155e-04
1.555992e-04
1.424899e-04
1.304859e-04
1.194927e-04
1.094510e-04
1.002276e-04
9.178433e-05
8.405355e-05
7.697375e-05
7.049004e-05
6.455337e-05
5.911605e-05
5.413718e-05
4.957851e-05
4.540269e-05
4.157877e-05
3.807721e-05
3.487073e-05
3.193297e-05
2.924561e-05
2.678131e-05
2.452621e-05
2.246105e-05
2.056940e-05
1.883768e-05
1.725083e-05
1.579855e-05
1.446780e-05
1.324944e-05
1.213464e-05
1.111176e-05
1.017725e-05
9.318752e-06
8.534873e-06
7.816109e-06
7.157630e-06
6.555061e-06
6.003132e-06
5.497269e-06
5.034968e-06
4.610789e-06
2.121918e+00
8.847346e-01
2.636300e-01
3.814486e-02
6.184821e-03
5.213277e-03
4.794891e-03
4.410402e-03
4.056847e-03
3.732184e-03
3.433866e-03
3.159702e-03
2.906865e-03
2.675466e-03
2.462456e-03
2.266558e-03
2.086378e-03
1.920630e-03
1.768144e-03
1.627843e-03
1.498742e-03
1.379935e-03
1.270594e-03
1.169960e-03
1.077327e-03
9.920588e-04
9.135645e-04
8.413003e-04
7.747710e-04
7.135182e-04
6.571184e-04
6.051900e-04
5.573718e-04
5.133418e-04
4.727951e-04
4.354568e-04
4.010721e-04
3.694065e-04
3.402438e-04
3.133873e-04
2.886518e-04
2.658713e-04
2.448907e-04
2.255673e-04
2.077687e-04
1.913769e-04
1.762786e-04
1.623723e-04
1.495635e-04
1.377659e-04
1.268998e-04
1.168904e-04
1.076714e-04
9.917878e-05
9.135772e-05
8.415174e-05
7.751665e-05
7.140367e-05
6.577217e-05
6.058600e-05
5.580841e-05
5.140744e-05
4.735426e-05
4.362001e-05
4.018122e-05
3.701219e-05
3.409426e-05
3.140650e-05
2.892876e-05
2.664854e-05
2.454816e-05
2.261160e-05
2.082902e-05
1.918717e-05
1.767499e-05
1.628046e-05
1.499711e-05
1.381519e-05
1.272555e-05
1.172178e-05
1.079845e-05
9.946482e-06
9.162539e-06
8.439989e-06
7.774942e-06
7.161832e-06
6.596687e-06
6.077250e-06
5.598637e-06
5.156395e-06
2.109776e+00
8.888094e-01
2.664036e-01
3.863809e-02
6.073248e-03
5.071099e-03
4.690059e-03
4.337690e-03
4.012215e-03
3.710118e-03
3.433055e-03
3.176398e-03
2.939174e-03
2.719875e-03
2.517117e-03
2.329626e-03
2.155751e-03
1.995575e-03
1.847346e-03
1.710087e-03
1.583116e-03
1.465633e-03
1.356917e-03
1.256221e-03
1.163127e-03
1.076953e-03
9.971914e-04
9.233610e-04
8.550150e-04
7.917466e-04
7.331721e-04
6.789457e-04
6.287408e-04
5.822552e-04
5.392156e-04
4.993646e-04
4.624639e-04
4.282954e-04
3.966553e-04
3.673564e-04
3.402245e-04
3.150986e-04
2.918320e-04
2.702849e-04
2.503292e-04
2.318496e-04
2.147353e-04
1.988844e-04
1.842058e-04
1.706105e-04
1.580187e-04
1.463585e-04
1.355577e-04
1.255555e-04
1.162905e-04
1.077098e-04
9.976285e-05
9.240325e-05
8.558564e-05
7.927070e-05
7.342342e-05
6.800636e-05
6.299029e-05
5.834246e-05
5.403918e-05
5.005321e-05
4.636044e-05
4.294082e-05
3.977377e-05
3.684016e-05
3.412139e-05
3.160586e-05
2.927442e-05
2.711472e-05
2.511519e-05
2.326294e-05
2.154621e-05
1.995739e-05
1.848599e-05
1.712207e-05
1.585937e-05
1.468981e-05
1.360505e-05
1.260321e-05
1.167361e-05
1.081152e-05
1.001469e-05
9.276121e-06
8.592279e-06
7.957937e-06
7.370993e-06
6.828465e-06
6.323736e-06
5.857260e-06
5.425854e-06
5.026029e-06
2.099047e+00
8.923079e-01
2.684996e-01
3.899893e-02
5.945413e-03
4.919575e-03
4.574600e-03
4.253034e-03
3.954486e-03
3.677261e-03
3.419779e-03
3.180597e-03
2.958373e-03
2.751873e-03
2.560025e-03
2.382345e-03
2.216127e-03
2.061933e-03
1.918566e-03
1.785243e-03
1.661258e-03
1.545943e-03
1.438686e-03
1.338916e-03
1.246103e-03
1.159760e-03
1.079426e-03
1.004685e-03
9.351389e-04
8.704270e-04
8.102094e-04
7.541723e-04
7.020231e-04
6.534902e-04
6.083223e-04
5.662831e-04
5.270012e-04
4.906633e-04
4.567729e-04
4.252277e-04
3.958647e-04
3.685325e-04
3.430908e-04
3.194080e-04
2.973618e-04
2.768391e-04
2.577350e-04
2.399501e-04
2.233936e-04
2.079814e-04
1.936323e-04
1.802752e-04
1.678385e-04
1.562629e-04
1.454834e-04
1.354500e-04
1.261079e-04
1.174108e-04
1.093132e-04
1.017756e-04
9.475732e-05
8.822291e-05
8.213974e-05
7.647584e-05
7.120272e-05
6.629356e-05
6.172244e-05
5.746656e-05
5.350499e-05
4.981553e-05
4.638121e-05
4.318403e-05
4.020675e-05
3.743431e-05
3.485339e-05
3.245155e-05
3.021384e-05
2.813101e-05
2.619202e-05
2.438627e-05
2.270544e-05
2.113992e-05
1.968256e-05
1.832542e-05
1.706280e-05
1.588682e-05
1.479054e-05
1.377147e-05
1.282228e-05
1.193899e-05
1.111502e-05
1.034903e-05
9.635981e-06
8.971781e-06
8.353083e-06
7.777706e-06
7.240831e-06
6.742618e-06
6.277103e-06
5.844289e-06
5.442198e-06
2.086436e+00
8.967189e-01
2.703618e-01
3.934410e-02
5.819184e-03
4.777368e-03
4.464014e-03
4.170346e-03
3.896927e-03
3.641612e-03
3.403309e-03
3.180849e-03
2.973144e-03
2.779191e-03
2.598053e-03
2.428863e-03
2.270814e-03
2.123157e-03
1.985195e-03
1.856279e-03
1.735607e-03
1.623094e-03
1.517867e-03
1.419509e-03
1.327566e-03
1.241613e-03
1.161258e-03
1.086131e-03
1.015887e-03
9.502074e-04
8.887931e-04
8.313629e-04
7.776576e-04
7.274348e-04
6.804653e-04
6.365385e-04
5.954551e-04
5.570302e-04
5.210919e-04
4.874769e-04
4.560352e-04
4.266260e-04
3.991163e-04
3.733844e-04
3.493142e-04
3.267973e-04
3.057351e-04
2.860320e-04
2.675999e-04
2.503566e-04
2.342269e-04
2.191361e-04
2.050193e-04
1.918131e-04
1.794574e-04
1.678986e-04
1.570846e-04
1.469688e-04
1.375034e-04
1.286487e-04
1.203646e-04
1.126135e-04
1.053627e-04
9.857795e-05
9.223197e-05
8.629263e-05
8.073784e-05
7.553950e-05
7.067581e-05
6.612659e-05
6.186921e-05
5.788683e-05
5.416008e-05
5.067314e-05
4.741162e-05
4.435945e-05
4.150403e-05
3.883293e-05
3.633246e-05
3.399421e-05
3.180657e-05
2.975903e-05
2.784319e-05
2.605088e-05
2.437488e-05
2.280523e-05
2.133725e-05
1.996480e-05
1.867987e-05
1.747708e-05
1.635179e-05
1.529965e-05
1.431545e-05
1.339338e-05
1.253152e-05
1.172530e-05
1.097025e-05
1.026493e-05
9.603248e-06
8.985850e-06
8.407692e-06
7.865756e-06
7.359469e-06
6.886908e-06
6.442727e-06
6.028158e-06
5.641511e-06
2.077292e+00
9.001317e-01
2.720487e-01
3.986272e-02
5.710073e-03
4.628703e-03
4.345141e-03
4.078683e-03
3.829233e-03
3.594882e-03
3.375263e-03
3.168845e-03
2.975785e-03
2.794553e-03
2.624510e-03
2.464712e-03
2.314995e-03
2.174468e-03
2.042562e-03
1.918226e-03
1.802139e-03
1.693020e-03
1.590644e-03
1.494394e-03
1.404046e-03
1.319196e-03
1.239508e-03
1.164664e-03
1.094363e-03
1.028329e-03
9.662992e-04
9.080289e-04
8.532881e-04
8.018606e-04
7.535445e-04
7.081509e-04
6.655011e-04
6.254274e-04
5.877755e-04
5.523959e-04
5.191518e-04
4.879121e-04
4.585587e-04
4.309742e-04
4.050526e-04
3.806930e-04
3.578013e-04
3.362887e-04
3.160707e-04
2.970707e-04
2.792145e-04
2.624333e-04
2.466604e-04
2.318386e-04
2.179084e-04
2.048141e-04
1.925090e-04
1.809441e-04
1.700736e-04
1.598571e-04
1.502547e-04
1.412300e-04
1.327467e-04
1.247735e-04
1.172817e-04
1.102363e-04
1.036173e-04
9.739469e-05
9.154596e-05
8.604888e-05
8.088165e-05
7.602496e-05
7.146025e-05
6.716966e-05
6.313667e-05
5.934571e-05
5.578302e-05
5.243419e-05
4.928572e-05
4.632673e-05
4.354554e-05
4.093113e-05
3.847468e-05
3.616465e-05
3.399303e-05
3.195251e-05
3.003461e-05
2.823140e-05
2.653613e-05
2.494462e-05
2.344647e-05
2.203867e-05
2.071575e-05
1.947249e-05
1.830372e-05
1.720493e-05
1.617141e-05
1.520160e-05
1.428869e-05
1.343148e-05
1.262473e-05
1.186709e-05
1.115535e-05
1.048467e-05
9.856209e-06
9.264143e-06
8.707826e-06
8.185978e-06
7.693891e-06
7.232140e-06
6.798288e-06
6.390182e-06
6.006591e-06
2.067637e+00
9.053498e-01
2.740797e-01
4.000883e-02
5.595991e-03
4.480681e-03
4.224798e-03
3.983239e-03
3.756052e-03
3.541793e-03
3.340037e-03
3.149980e-03
2.970922e-03
2.802408e-03
2.643337e-03
2.493487e-03
2.352246e-03
2.218635e-03
2.093369e-03
1.975043e-03
1.863476e-03
1.758274e-03
1.659065e-03
1.565503e-03
1.477314e-03
1.394057e-03
1.315550e-03
1.241495e-03
1.171634e-03
1.105653e-03
1.043515e-03
9.848569e-04
9.295120e-04
8.772927e-04
8.280215e-04
7.815279e-04
7.376558e-04
6.962565e-04
6.571891e-04
6.203207e-04
5.855279e-04
5.526914e-04
5.217022e-04
4.924559e-04
4.648532e-04
4.388008e-04
4.142118e-04
3.910040e-04
3.690986e-04
3.484234e-04
3.289080e-04
3.104881e-04
2.931007e-04
2.766894e-04
2.611967e-04
2.465736e-04
2.327708e-04
2.197412e-04
2.074409e-04
1.958308e-04
1.848708e-04
1.745248e-04
1.647586e-04
1.555393e-04
1.468363e-04
1.386197e-04
1.308532e-04
1.235373e-04
1.166257e-04
1.101024e-04
1.039418e-04
9.812807e-05
9.263867e-05
8.745646e-05
8.256521e-05
7.794689e-05
7.358673e-05
6.947169e-05
6.558534e-05
6.191794e-05
5.845502e-05
5.518518e-05
5.209888e-05
4.918581e-05
4.643489e-05
4.383818e-05
4.138666e-05
3.907240e-05
3.688687e-05
3.482452e-05
3.287707e-05
3.103844e-05
2.930346e-05
2.766457e-05
2.611735e-05
2.465720e-05
2.327865e-05
2.197621e-05
2.074826e-05
1.958785e-05
1.849233e-05
1.745792e-05
1.648244e-05
1.556088e-05
1.469016e-05
1.386893e-05
1.309432e-05
1.236127e-05
1.167014e-05
1.101832e-05
1.040146e-05
9.820616e-06
9.271144e-06
8.752583e-06
8.263286e-06
7.801257e-06
7.365448e-06
6.953362e-06
6.564868e-06
6.197247e-06
2.060028e+00
9.066763e-01
2.751995e-01
4.034182e-02
5.470441e-03
4.337416e-03
4.106836e-03
3.888201e-03
3.681468e-03
3.485962e-03
3.301050e-03
3.126136e-03
2.960656e-03
2.804087e-03
2.655931e-03
2.515723e-03
2.383023e-03
2.257418e-03
2.138520e-03
2.025959e-03
1.919391e-03
1.818491e-03
1.722949e-03
1.632476e-03
1.546186e-03
1.465212e-03
1.388384e-03
1.315615e-03
1.246689e-03
1.181400e-03
1.119553e-03
1.060963e-03
1.005457e-03
9.528731e-04
9.030517e-04
8.558495e-04
8.111262e-04
7.687512e-04
7.285982e-04
6.905513e-04
6.544993e-04
6.203355e-04
5.879627e-04
5.572822e-04
5.282104e-04
5.006581e-04
4.745466e-04
4.498019e-04
4.263495e-04
4.041241e-04
3.830585e-04
3.630931e-04
3.441710e-04
3.262376e-04
3.092406e-04
2.931287e-04
2.778588e-04
2.633851e-04
2.496670e-04
2.366640e-04
2.243391e-04
2.126577e-04
2.015842e-04
1.910879e-04
1.811399e-04
1.717089e-04
1.627697e-04
1.542971e-04
1.462657e-04
1.386521e-04
1.314347e-04
1.245949e-04
1.181101e-04
1.119634e-04
1.061365e-04
1.006130e-04
9.537759e-05
9.040289e-05
8.570255e-05
8.124256e-05
7.701594e-05
7.300842e-05
6.921000e-05
6.560934e-05
6.219558e-05
5.895918e-05
5.589158e-05
5.298461e-05
5.022784e-05
4.761440e-05
4.513787e-05
4.278956e-05
4.056352e-05
3.845406e-05
3.645257e-05
3.455712e-05
3.275904e-05
3.105518e-05
2.943949e-05
2.790869e-05
2.645599e-05
2.508072e-05
2.377520e-05
2.253941e-05
2.136703e-05
2.025535e-05
1.920156e-05
1.820234e-05
1.725613e-05
1.635867e-05
1.550833e-05
1.470024e-05
1.393676e-05
1.321103e-05
1.252399e-05
1.187347e-05
1.125561e-05
1.066961e-05
1.011542e-05
9.588798e-06
9.089615e-06
8.617579e-06
8.169061e-06
7.744408e-06
7.341108e-06
6.960338e-06
6.597539e-06
6.254006e-06
2.050346e+00
9.088384e-01
2.775025e-01
4.064906e-02
5.373678e-03
4.188511e-03
3.983034e-03
3.785629e-03
3.598475e-03
3.420783e-03
3.252055e-03
3.091817e-03
2.939628e-03
2.795067e-03
2.657131e-03
2.526969e-03
2.403142e-03
2.285332e-03
2.173401e-03
2.067024e-03
1.965920e-03
1.869820e-03
1.778472e-03
1.691634e-03
1.609081e-03
1.530595e-03
1.455974e-03
1.385022e-03
1.317555e-03
1.253405e-03
1.192397e-03
1.134383e-03
1.079209e-03
1.026738e-03
9.767168e-04
9.293034e-04
8.841612e-04
8.411259e-04
8.002942e-04
7.614485e-04
7.244949e-04
6.893445e-04
6.559060e-04
6.240948e-04
5.938339e-04
5.650446e-04
5.376554e-04
5.115985e-04
4.868083e-04
4.632231e-04
4.407827e-04
4.194330e-04
3.991195e-04
3.797923e-04
3.614041e-04
3.439061e-04
3.272592e-04
3.114179e-04
2.963454e-04
2.820047e-04
2.683572e-04
2.553727e-04
2.430177e-04
2.312599e-04
2.200721e-04
2.094268e-04
1.992969e-04
1.896575e-04
1.804848e-04
1.717562e-04
1.634506e-04
1.555457e-04
1.480247e-04
1.408683e-04
1.340562e-04
1.275745e-04
1.214077e-04
1.155380e-04
1.099516e-04
1.046368e-04
9.957964e-05
9.476544e-05
9.018416e-05
8.582556e-05
8.167648e-05
7.772954e-05
7.397285e-05
7.039733e-05
6.699515e-05
6.375682e-05
6.067645e-05
5.774331e-05
5.495290e-05
5.229279e-05
4.976651e-05
4.736189e-05
4.507300e-05
4.289523e-05
4.082189e-05
3.884952e-05
3.697263e-05
3.518541e-05
3.348585e-05
3.186686e-05
3.032798e-05
2.886240e-05
2.746827e-05
2.613997e-05
2.487746e-05
2.367537e-05
2.253190e-05
2.144259e-05
2.040675e-05
1.942141e-05
1.848225e-05
1.758933e-05
1.673984e-05
1.593025e-05
1.516168e-05
1.442859e-05
1.373197e-05
1.306842e-05
1.243614e-05
1.183676e-05
1.126359e-05
1.071988e-05
1.020191e-05
9.709006e-06
9.239812e-06
8.793644e-06
8.369112e-06
7.963904e-06
7.580267e-06
7.212726e-06
6.864911e-06
6.533488e-06
2.044630e+00
9.137936e-01
2.790965e-01
4.106843e-02
5.261567e-03
4.041546e-03
3.855993e-03
3.678805e-03
3.509959e-03
3.349045e-03
3.195677e-03
3.049485e-03
2.910116e-03
2.776667e-03
2.649286e-03
2.528848e-03
2.413673e-03
2.303830e-03
2.199060e-03
2.099125e-03
2.003793e-03
1.912849e-03
1.826085e-03
1.743140e-03
1.664173e-03
1.588811e-03
1.516896e-03
1.448270e-03
1.382776e-03
1.319980e-03
1.260454e-03
1.203524e-03
1.149185e-03
1.097318e-03
1.047808e-03
1.000547e-03
9.554122e-04
9.123521e-04
8.712364e-04
8.319852e-04
7.945107e-04
7.587329e-04
7.245740e-04
6.919607e-04
6.608216e-04
6.310897e-04
6.027009e-04
5.755940e-04
5.497101e-04
5.249947e-04
5.013958e-04
4.788581e-04
4.573394e-04
4.367883e-04
4.171653e-04
3.984246e-04
3.805282e-04
3.634387e-04
3.471167e-04
3.315311e-04
3.166455e-04
3.024304e-04
2.888541e-04
2.758883e-04
2.635065e-04
2.516803e-04
2.403861e-04
2.295993e-04
2.192981e-04
2.094586e-04
2.000614e-04
1.910868e-04
1.825154e-04
1.743274e-04
1.665094e-04
1.590411e-04
1.519073e-04
1.450955e-04
1.385890e-04
1.323737e-04
1.264375e-04
1.207686e-04
1.153535e-04
1.101817e-04
1.052416e-04
1.005226e-04
9.601659e-05
9.171178e-05
8.760012e-05
8.367429e-05
7.992265e-05
7.633994e-05
7.291734e-05
6.964926e-05
6.652766e-05
6.354568e-05
6.069725e-05
5.797688e-05
5.537769e-05
5.289641e-05
5.052598e-05
4.826106e-05
4.609792e-05
4.403178e-05
4.205827e-05
4.017461e-05
3.837290e-05
3.665364e-05
3.501121e-05
3.344212e-05
3.194374e-05
3.051117e-05
2.914540e-05
2.783803e-05
2.659130e-05
2.540017e-05
2.426112e-05
2.317334e-05
2.213638e-05
2.114396e-05
2.019614e-05
1.929161e-05
1.842676e-05
1.760131e-05
1.681311e-05
1.605900e-05
1.533915e-05
1.465205e-05
1.399677e-05
1.336774e-05
1.276981e-05
1.219766e-05
1.165079e-05
1.112847e-05
1.063112e-05
1.015333e-05
9.698714e-06
9.264478e-06
8.849756e-06
8.452236e-06
8.074269e-06
7.711816e-06
7.366826e-06
7.036253e-06
6.722571e-06
2.039320e+00
9.153503e-01
2.800627e-01
4.133165e-02
5.149477e-03
3.887131e-03
3.721740e-03
3.563233e-03
3.411652e-03
3.266681e-03
3.128017e-03
2.995375e-03
2.868103e-03
2.746827e-03
2.630669e-03
2.519517e-03
2.413146e-03
2.311345e-03
2.213908e-03
2.120644e-03
2.031369e-03
1.945906e-03
1.864163e-03
1.785810e-03
1.710809e-03
1.638995e-03
1.570232e-03
1.504385e-03
1.441329e-03
1.380942e-03
1.323110e-03
1.267722e-03
1.214674e-03
1.163863e-03
1.115197e-03
1.068579e-03
1.023926e-03
9.811523e-04
9.401772e-04
9.009242e-04
8.633208e-04
8.271644e-04
7.926957e-04
7.596334e-04
7.279584e-04
6.976103e-04
6.685334e-04
6.406745e-04
6.139808e-04
5.884050e-04
5.638976e-04
5.404171e-04
5.179156e-04
4.963557e-04
4.756965e-04
4.558988e-04
4.369283e-04
4.187496e-04
4.013296e-04
3.846358e-04
3.686387e-04
3.533081e-04
3.386169e-04
3.245379e-04
3.110458e-04
2.981151e-04
2.857245e-04
2.738478e-04
2.624677e-04
2.515602e-04
2.411070e-04
2.310894e-04
2.214882e-04
2.122857e-04
2.034680e-04
1.950155e-04
1.869148e-04
1.791522e-04
1.717105e-04
1.645800e-04
1.577452e-04
1.511942e-04
1.449158e-04
1.388993e-04
1.331316e-04
1.276036e-04
1.223058e-04
1.172286e-04
1.123622e-04
1.076964e-04
1.032266e-04
9.894112e-05
9.483438e-05
9.089794e-05
8.712459e-05
8.350814e-05
8.004305e-05
7.671997e-05
7.353604e-05
7.048486e-05
6.755789e-05
6.475587e-05
6.206745e-05
5.949235e-05
5.702292e-05
5.465724e-05
5.238817e-05
5.021463e-05
4.812532e-05
4.612927e-05
4.421374e-05
4.238026e-05
4.062142e-05
3.893541e-05
3.732107e-05
3.577151e-05
3.428773e-05
3.286480e-05
3.150142e-05
3.019364e-05
2.894172e-05
2.774105e-05
2.658912e-05
2.548691e-05
2.442901e-05
2.341550e-05
2.244429e-05
2.151238e-05
2.062110e-05
1.976450e-05
1.894480e-05
1.815847e-05
1.740604e-05
1.668347e-05
1.599164e-05
1.532753e-05
1.469221e-05
1.408178e-05
1.349900e-05
1.293837e-05
1.240102e-05
1.188752e-05
1.139352e-05
1.092118e-05
1.046801e-05
1.003379e-05
9.617639e-06
9.218833e-06
8.836328e-06
8.469210e-06
8.118900e-06
7.780693e-06
7.459006e-06
7.149402e-06
6.852648e-06
2.033667e+00
9.182643e-01
2.813878e-01
4.143573e-02
5.024240e-03
3.736083e-03
3.588251e-03
3.447232e-03
3.311555e-03
3.181359e-03
3.056411e-03
2.936487e-03
2.821378e-03
2.710881e-03
2.604804e-03
2.502960e-03
2.405177e-03
2.311285e-03
2.221124e-03
2.134421e-03
2.051029e-03
1.971270e-03
1.894375e-03
1.820717e-03
1.749959e-03
1.681987e-03
1.616690e-03
1.553959e-03
1.493691e-03
1.435786e-03
1.380150e-03
1.326693e-03
1.275328e-03
1.225969e-03
1.178540e-03
1.132960e-03
1.089160e-03
1.047065e-03
1.006611e-03
9.677321e-04
9.303647e-04
8.944500e-04
8.599321e-04
8.267543e-04
7.948639e-04
7.642123e-04
7.347477e-04
7.064262e-04
6.792022e-04
6.530324e-04
6.278758e-04
6.036927e-04
5.804458e-04
5.580974e-04
5.366126e-04
5.159593e-04
4.961029e-04
4.770141e-04
4.586619e-04
4.410188e-04
4.240558e-04
4.077478e-04
3.920685e-04
3.769945e-04
3.625009e-04
3.485664e-04
3.351691e-04
3.222875e-04
3.099020e-04
2.979941e-04
2.865451e-04
2.755361e-04
2.649518e-04
2.547735e-04
2.449883e-04
2.355781e-04
2.265318e-04
2.178324e-04
2.094676e-04
2.014250e-04
1.936905e-04
1.862551e-04
1.791044e-04
1.722298e-04
1.656170e-04
1.592605e-04
1.531474e-04
1.472699e-04
1.416178e-04
1.361821e-04
1.309559e-04
1.259312e-04
1.210986e-04
1.164519e-04
1.119833e-04
1.076863e-04
1.035551e-04
9.958173e-05
9.575385e-05
9.208112e-05
8.854865e-05
8.515117e-05
8.188536e-05
7.874315e-05
7.572335e-05
7.281817e-05
7.002533e-05
6.733956e-05
6.475581e-05
6.227229e-05
5.988380e-05
5.758753e-05
5.537789e-05
5.325471e-05
5.121188e-05
4.924769e-05
4.735929e-05
4.554314e-05
4.379550e-05
4.211683e-05
4.050093e-05
3.894870e-05
3.745457e-05
3.601791e-05
3.463693e-05
3.330872e-05
3.203150e-05
3.080300e-05
2.962177e-05
2.848608e-05
2.739411e-05
2.634254e-05
2.533344e-05
2.436142e-05
2.342768e-05
2.252906e-05
2.166508e-05
2.083483e-05
2.003552e-05
1.926815e-05
1.852872e-05
1.781804e-05
1.713438e-05
1.647824e-05
1.584634e-05
1.523865e-05
1.465355e-05
1.409298e-05
1.355198e-05
1.303254e-05
1.253311e-05
1.205223e-05
1.159012e-05
1.114575e-05
1.071832e-05
1.030733e-05
9.912336e-06
9.532827e-06
9.165883e-06
8.815815e-06
8.476790e-06
8.152465e-06
7.839997e-06
7.539214e-06
7.250062e-06
2.025651e+00
9.213842e-01
2.829772e-01
4.184402e-02
4.929244e-03
3.588467e-03
3.457905e-03
3.332096e-03
3.210815e-03
3.094288e-03
2.981771e-03
2.873251e-03
2.769498e-03
2.669322e-03
2.572849e-03
2.479940e-03
2.390454e-03
2.304263e-03
2.221239e-03
2.141262e-03
2.064215e-03
1.989989e-03
1.918475e-03
1.849572e-03
1.783181e-03
1.719209e-03
1.657563e-03
1.598158e-03
1.540910e-03
1.485739e-03
1.432567e-03
1.381319e-03
1.331927e-03
1.284319e-03
1.238430e-03
1.194198e-03
1.151561e-03
1.110459e-03
1.070839e-03
1.032644e-03
9.958225e-04
9.603245e-04
9.261015e-04
8.931082e-04
8.612973e-04
8.306283e-04
8.010578e-04
7.725479e-04
7.450576e-04
7.185522e-04
6.929951e-04
6.683513e-04
6.445902e-04
6.216761e-04
5.995811e-04
5.782764e-04
5.577310e-04
5.379190e-04
5.188137e-04
5.003904e-04
4.826235e-04
4.654893e-04
4.489668e-04
4.330318e-04
4.176647e-04
4.028447e-04
3.885520e-04
3.747677e-04
3.614759e-04
3.486540e-04
3.362905e-04
3.243647e-04
3.128645e-04
3.017715e-04
2.910742e-04
2.807557e-04
2.708048e-04
2.612074e-04
2.519496e-04
2.430217e-04
2.344107e-04
2.261047e-04
2.180942e-04
2.103672e-04
2.029158e-04
1.957272e-04
1.887944e-04
1.821078e-04
1.756579e-04
1.694370e-04
1.634361e-04
1.576490e-04
1.520664e-04
1.466817e-04
1.414889e-04
1.364787e-04
1.316468e-04
1.269862e-04
1.224908e-04
1.181542e-04
1.139718e-04
1.099373e-04
1.060458e-04
1.022922e-04
9.867194e-05
9.517921e-05
9.181049e-05
8.856081e-05
8.542701e-05
8.240330e-05
7.948733e-05
7.667462e-05
7.396107e-05
7.134390e-05
6.881887e-05
6.638434e-05
6.403482e-05
6.176879e-05
5.958355e-05
5.747536e-05
5.544174e-05
5.347938e-05
5.158810e-05
4.976262e-05
4.800118e-05
4.630432e-05
4.466495e-05
4.308558e-05
4.156046e-05
4.009066e-05
3.867255e-05
3.730370e-05
3.598427e-05
3.471137e-05
3.348332e-05
3.229880e-05
3.115675e-05
3.005341e-05
2.899113e-05
2.796572e-05
2.697593e-05
2.602165e-05
2.510165e-05
2.421364e-05
2.335708e-05
2.253004e-05
2.173431e-05
2.096497e-05
2.022270e-05
1.950829e-05
1.881775e-05
1.815269e-05
1.751006e-05
1.689079e-05
1.629408e-05
1.571677e-05
1.516167e-05
1.462474e-05
1.410699e-05
1.360876e-05
1.312738e-05
1.266336e-05
1.221517e-05
1.178334e-05
1.136545e-05
1.096491e-05
1.057635e-05
1.020223e-05
9.841134e-06
9.493253e-06
9.157709e-06
8.833869e-06
8.521401e-06
8.220040e-06
7.929129e-06
7.648630e-06
7.378075e-06
2.022476e+00
9.252392e-01
2.850991e-01
4.219074e-02
4.843571e-03
3.442465e-03
3.326766e-03
3.215220e-03
3.107524e-03
3.003538e-03
2.903127e-03
2.806163e-03
2.712521e-03
2.622079e-03
2.534725e-03
2.450825e-03
2.369119e-03
2.290374e-03
2.214299e-03
2.140801e-03
2.069789e-03
2.000769e-03
1.934660e-03
1.870603e-03
1.808703e-03
1.748884e-03
1.691073e-03
1.634745e-03
1.580946e-03
1.528763e-03
1.478138e-03
1.429416e-03
1.382297e-03
1.336751e-03
1.292724e-03
1.250161e-03
1.209017e-03
1.169240e-03
1.130785e-03
1.093608e-03
1.057664e-03
1.022913e-03
9.893130e-04
9.568265e-04
9.254150e-04
8.950330e-04
8.658734e-04
8.374137e-04
8.099503e-04
7.833950e-04
7.577159e-04
7.328841e-04
7.088704e-04
6.856491e-04
6.631929e-04
6.414763e-04
6.204745e-04
6.001632e-04
5.805220e-04
5.615250e-04
5.431538e-04
5.253859e-04
5.082018e-04
4.915824e-04
4.755080e-04
4.599625e-04
4.449265e-04
4.303848e-04
4.163186e-04
4.027147e-04
3.895568e-04
3.768294e-04
3.645203e-04
3.526140e-04
3.410975e-04
3.299587e-04
3.191845e-04
3.087628e-04
2.986824e-04
2.889321e-04
2.795012e-04
2.703783e-04
2.615532e-04
2.530184e-04
2.447615e-04
2.367755e-04
2.290492e-04
2.215763e-04
2.143489e-04
2.073549e-04
2.005922e-04
1.940487e-04
1.877198e-04
1.815977e-04
1.756751e-04
1.699463e-04
1.644038e-04
1.590438e-04
1.538579e-04
1.488404e-04
1.439888e-04
1.392939e-04
1.347525e-04
1.303601e-04
1.261105e-04
1.219997e-04
1.180226e-04
1.141756e-04
1.104542e-04
1.068546e-04
1.033714e-04
1.000026e-04
9.674382e-05
9.358999e-05
9.054120e-05
8.758995e-05
8.473613e-05
8.197532e-05
7.930322e-05
7.671926e-05
7.421927e-05
7.180126e-05
6.946226e-05
6.719830e-05
6.500915e-05
6.289088e-05
6.084245e-05
5.885988e-05
5.694217e-05
5.508728e-05
5.329273e-05
5.155651e-05
4.987679e-05
4.825178e-05
4.668045e-05
4.515951e-05
4.368835e-05
4.226572e-05
4.088825e-05
3.955639e-05
3.826804e-05
3.702186e-05
3.581570e-05
3.464903e-05
3.351993e-05
3.242908e-05
3.137179e-05
3.035098e-05
2.936211e-05
2.840542e-05
2.748040e-05
2.658538e-05
2.571965e-05
2.488156e-05
2.407136e-05
2.328739e-05
2.252892e-05
2.179500e-05
2.108566e-05
2.039864e-05
1.973419e-05
1.909138e-05
1.846938e-05
1.786860e-05
1.728645e-05
1.672266e-05
1.617924e-05
1.565183e-05
1.514230e-05
1.464852e-05
1.417196e-05
1.371064e-05
1.326328e-05
1.283197e-05
1.241425e-05
1.200957e-05
1.161837e-05
1.124037e-05
1.087400e-05
1.052001e-05
1.017718e-05
9.845991e-06
9.525633e-06
9.215527e-06
8.914759e-06
8.624576e-06
8.343575e-06
8.072272e-06
7.809214e-06
7.554881e-06
2.021319e+00
9.265384e-01
2.866836e-01
4.230233e-02
4.716102e-03
3.277247e-03
3.175717e-03
3.077762e-03
2.982921e-03
2.891090e-03
2.802167e-03
2.716057e-03
2.632270e-03
2.551559e-03
2.473343e-03
2.396876e-03
2.323706e-03
2.252633e-03
2.183089e-03
2.116619e-03
2.051668e-03
1.989169e-03
1.928525e-03
1.869766e-03
1.812828e-03
1.757656e-03
1.704191e-03
1.652378e-03
1.602167e-03
1.553503e-03
1.506341e-03
1.460631e-03
1.416327e-03
1.373384e-03
1.331762e-03
1.291416e-03
1.252138e-03
1.214278e-03
1.177532e-03
1.141911e-03
1.107380e-03
1.073901e-03
1.041448e-03
1.010130e-03
9.795566e-04
9.499788e-04
9.213033e-04
8.934994e-04
8.665432e-04
8.404054e-04
8.150634e-04
7.904899e-04
7.666640e-04
7.435609e-04
7.211587e-04
6.993964e-04
6.783372e-04
6.579134e-04
6.381069e-04
6.189005e-04
6.002756e-04
5.822151e-04
5.646996e-04
5.477151e-04
5.312425e-04
5.152690e-04
4.997781e-04
4.847537e-04
4.701852e-04
4.560543e-04
4.423510e-04
4.290605e-04
4.161716e-04
4.036708e-04
3.915473e-04
3.797883e-04
3.683851e-04
3.573244e-04
3.465976e-04
3.361929e-04
3.261026e-04
3.163146e-04
3.068232e-04
2.976156e-04
2.886862e-04
2.800249e-04
2.716239e-04
2.634757e-04
2.555734e-04
2.479079e-04
2.404724e-04
2.332616e-04
2.262668e-04
2.194817e-04
2.129012e-04
2.065177e-04
2.003267e-04
1.943214e-04
1.884961e-04
1.828462e-04
1.773662e-04
1.720496e-04
1.668938e-04
1.618920e-04
1.570406e-04
1.523339e-04
1.477701e-04
1.433419e-04
1.390474e-04
1.348815e-04
1.308397e-04
1.269206e-04
1.231179e-04
1.194304e-04
1.158521e-04
1.123816e-04
1.090160e-04
1.057505e-04
1.025821e-04
9.951055e-05
9.653008e-05
9.363864e-05
9.083502e-05
8.811430e-05
8.547516e-05
8.291618e-05
8.043275e-05
7.802369e-05
7.568815e-05
7.342144e-05
7.122286e-05
6.909034e-05
6.702179e-05
6.501480e-05
6.306835e-05
6.117992e-05
5.934836e-05
5.757104e-05
5.584778e-05
5.417653e-05
5.255328e-05
5.098061e-05
4.945396e-05
4.797423e-05
4.653768e-05
4.514462e-05
4.379257e-05
4.248162e-05
4.121106e-05
3.997663e-05
3.878014e-05
3.761919e-05
3.649306e-05
3.540087e-05
3.434100e-05
3.331344e-05
3.231620e-05
3.134879e-05
3.041040e-05
2.950022e-05
2.861769e-05
2.776037e-05
2.692985e-05
2.612323e-05
2.534220e-05
2.457998e-05
2.384445e-05
2.313117e-05
2.243783e-05
2.176729e-05
2.111604e-05
2.048323e-05
1.987076e-05
1.927550e-05
1.869922e-05
1.813927e-05
1.759623e-05
1.706992e-05
1.655856e-05
1.606347e-05
1.558268e-05
1.511643e-05
1.466415e-05
1.422479e-05
1.379944e-05
1.338615e-05
1.298519e-05
1.259718e-05
1.222030e-05
1.185456e-05
1.149966e-05
1.115572e-05
1.082149e-05
1.049766e-05
1.018340e-05
9.879394e-06
9.582738e-06
9.296608e-06
9.018102e-06
8.748680e-06
8.486173e-06
8.232419e-06
7.986450e-06
7.747307e-06
2.016826e+00
9.295471e-01
2.875157e-01
4.249921e-02
4.597638e-03
3.112547e-03
3.023965e-03
2.938332e-03
2.855201e-03
2.774495e-03
2.695933e-03
2.619910e-03
2.546044e-03
2.474317e-03
2.404665e-03
2.337024e-03
2.271333e-03
2.207534e-03
2.145568e-03
2.085382e-03
2.026922e-03
1.970135e-03
1.914657e-03
1.861195e-03
1.809143e-03
1.758572e-03
1.709443e-03
1.661711e-03
1.615333e-03
1.570273e-03
1.526216e-03
1.483792e-03
1.442457e-03
1.402291e-03
1.363260e-03
1.324908e-03
1.288236e-03
1.252421e-03
1.217354e-03
1.183581e-03
1.150711e-03
1.118765e-03
1.087714e-03
1.057536e-03
1.028205e-03
9.996948e-04
9.719833e-04
9.450482e-04
9.188656e-04
8.933373e-04
8.686277e-04
8.445822e-04
8.212070e-04
7.984849e-04
7.763960e-04
7.550373e-04
7.341170e-04
7.138221e-04
6.940924e-04
6.749111e-04
6.562644e-04
6.381365e-04
6.205116e-04
6.033768e-04
5.867179e-04
5.705218e-04
5.547766e-04
5.394661e-04
5.245816e-04
5.101102e-04
4.960387e-04
4.823595e-04
4.690571e-04
4.561247e-04
4.435499e-04
4.313236e-04
4.194358e-04
4.078766e-04
3.966369e-04
3.857094e-04
3.750831e-04
3.647514e-04
3.547046e-04
3.449355e-04
3.354368e-04
3.262000e-04
3.172191e-04
3.084863e-04
2.999945e-04
2.917353e-04
2.837075e-04
2.758986e-04
2.683060e-04
2.609232e-04
2.537439e-04
2.467625e-04
2.399745e-04
2.333720e-04
2.269525e-04
2.207100e-04
2.146402e-04
2.087364e-04
2.029959e-04
1.974136e-04
1.919855e-04
1.867065e-04
1.815725e-04
1.765814e-04
1.717257e-04
1.670057e-04
1.624143e-04
1.579496e-04
1.536082e-04
1.493860e-04
1.452806e-04
1.412879e-04
1.374039e-04
1.336289e-04
1.299561e-04
1.263851e-04
1.229118e-04
1.194846e-04
1.162224e-04
1.130287e-04
1.099231e-04
1.069032e-04
1.039663e-04
1.011102e-04
9.833241e-05
9.563110e-05
9.300416e-05
9.044890e-05
8.796485e-05
8.554848e-05
8.319873e-05
8.091321e-05
7.869072e-05
7.652913e-05
7.442746e-05
7.238242e-05
7.039575e-05
6.846155e-05
6.658120e-05
6.475352e-05
6.297481e-05
6.124535e-05
5.956398e-05
5.792738e-05
5.633711e-05
5.479074e-05
5.328556e-05
5.182221e-05
5.039963e-05
4.901525e-05
4.768028e-05
4.636913e-05
4.509598e-05
4.385756e-05
4.265381e-05
4.148190e-05
4.034332e-05
3.923600e-05
3.815847e-05
3.711114e-05
3.609190e-05
3.510137e-05
3.413733e-05
3.320022e-05
3.228846e-05
3.140280e-05
3.054028e-05
2.970190e-05
2.888637e-05
2.809382e-05
2.732209e-05
2.657159e-05
2.584280e-05
2.513371e-05
2.444346e-05
2.377189e-05
2.312013e-05
2.248495e-05
2.186776e-05
2.126787e-05
2.068351e-05
2.011592e-05
1.956378e-05
1.902684e-05
1.850468e-05
1.799690e-05
1.750221e-05
1.702225e-05
1.655468e-05
1.610088e-05
1.565872e-05
1.522815e-05
1.481105e-05
1.440412e-05
1.400832e-05
1.362430e-05
1.325095e-05
1.288651e-05
1.253262e-05
1.218917e-05
1.185469e-05
1.152839e-05
1.121294e-05
1.090507e-05
1.060514e-05
1.031398e-05
1.003137e-05
9.756201e-06
9.488180e-06
9.227179e-06
8.974857e-06
8.727938e-06
8.488556e-06
8.255524e-06
8.029426e-06
7.808573e-06
2.013161e+00
9.308870e-01
2.883458e-01
4.271137e-02
4.484787e-03
2.951693e-03
2.874722e-03
2.799424e-03
2.727086e-03
2.656450e-03
2.587701e-03
2.520786e-03
2.455653e-03
2.392250e-03
2.330531e-03
2.270011e-03
2.211689e-03
2.154747e-03
2.099308e-03
2.045329e-03
1.992771e-03
1.941595e-03
1.891761e-03
1.843236e-03
1.795981e-03
1.749961e-03
1.705145e-03
1.661499e-03
1.618989e-03
1.577703e-03
1.537330e-03
1.497759e-03
1.459543e-03
1.422286e-03
1.385995e-03
1.350645e-03
1.316210e-03
1.282667e-03
1.249989e-03
1.218157e-03
1.187144e-03
1.156934e-03
1.127501e-03
1.098826e-03
1.070890e-03
1.043672e-03
1.017154e-03
9.913168e-04
9.661439e-04
9.416166e-04
9.177181e-04
8.944325e-04
8.717440e-04
8.496357e-04
8.280943e-04
8.071027e-04
7.866491e-04
7.667171e-04
7.472955e-04
7.283690e-04
7.099269e-04
6.919542e-04
6.744395e-04
6.573723e-04
6.407400e-04
6.245314e-04
6.087357e-04
5.933413e-04
5.783396e-04
5.637194e-04
5.494706e-04
5.355853e-04
5.220513e-04
5.088620e-04
4.960082e-04
4.834797e-04
4.712703e-04
4.593699e-04
4.477721e-04
4.364686e-04
4.254521e-04
4.147138e-04
4.042485e-04
3.940486e-04
3.841069e-04
3.744164e-04
3.649723e-04
3.557669e-04
3.467944e-04
3.380502e-04
3.295257e-04
3.212177e-04
3.131201e-04
3.052266e-04
2.975333e-04
2.900341e-04
2.827244e-04
2.756002e-04
2.686560e-04
2.618868e-04
2.552887e-04
2.488574e-04
2.425886e-04
2.364779e-04
2.305217e-04
2.247159e-04
2.190561e-04
2.135398e-04
2.081634e-04
2.029208e-04
1.978123e-04
1.928319e-04
1.879772e-04
1.832450e-04
1.786320e-04
1.741354e-04
1.697526e-04
1.654800e-04
1.613147e-04
1.572551e-04
1.532975e-04
1.494397e-04
1.456795e-04
1.420141e-04
1.384403e-04
1.349566e-04
1.315615e-04
1.282515e-04
1.250250e-04
1.218793e-04
1.188130e-04
1.158250e-04
1.129106e-04
1.100707e-04
1.073019e-04
1.046030e-04
1.019724e-04
9.940704e-05
9.690739e-05
9.446975e-05
9.209432e-05
8.977789e-05
8.751886e-05
8.531876e-05
8.317277e-05
8.108148e-05
7.904306e-05
7.705516e-05
7.511745e-05
7.322912e-05
7.138734e-05
6.959268e-05
6.784249e-05
6.613741e-05
6.447461e-05
6.285355e-05
6.128477e-05
5.974344e-05
5.824118e-05
5.677684e-05
5.534979e-05
5.395805e-05
5.260193e-05
5.127950e-05
4.999021e-05
4.873354e-05
4.750910e-05
4.631435e-05
4.515042e-05
4.401501e-05
4.290929e-05
4.183037e-05
4.077921e-05
3.975367e-05
3.875497e-05
3.778040e-05
3.683150e-05
3.590573e-05
3.500237e-05
3.412312e-05
3.326596e-05
3.242985e-05
3.161404e-05
3.081994e-05
3.004518e-05
2.929046e-05
2.855390e-05
2.783611e-05
2.713737e-05
2.645484e-05
2.579040e-05
2.514159e-05
2.450983e-05
2.389427e-05
2.329322e-05
2.270851e-05
2.213724e-05
2.158157e-05
2.103853e-05
2.051081e-05
1.999444e-05
1.949223e-05
1.900287e-05
1.852454e-05
1.805948e-05
1.760526e-05
1.716390e-05
1.673169e-05
1.631173e-05
1.590143e-05
1.550188e-05
1.511252e-05
1.473250e-05
1.436214e-05
1.400160e-05
1.365021e-05
1.330680e-05
1.297257e-05
1.264609e-05
1.232862e-05
1.201907e-05
1.171651e-05
1.142249e-05
1.113555e-05
1.085543e-05
1.058306e-05
1.031694e-05
1.005705e-05
9.805432e-06
9.558757e-06
9.318167e-06
9.084321e-06
8.855851e-06
8.633203e-06
8.416829e-06
8.205246e-06
7.998915e-06
2.009635e+00
9.342938e-01
2.895107e-01
4.324735e-02
4.375052e-03
2.786845e-03
2.719982e-03
2.655437e-03
2.592475e-03
2.531057e-03
2.470733e-03
2.412388e-03
2.355367e-03
2.299733e-03
2.245452e-03
2.192489e-03
2.140810e-03
2.090552e-03
2.041298e-03
1.993274e-03
1.946407e-03
1.899845e-03
1.855909e-03
1.812322e-03
1.769806e-03
1.728309e-03
1.687806e-03
1.648272e-03
1.609683e-03
1.572014e-03
1.535246e-03
1.499352e-03
1.464313e-03
1.430001e-03
1.396676e-03
1.364077e-03
1.332252e-03
1.301182e-03
1.270847e-03
1.241231e-03
1.212314e-03
1.184082e-03
1.156516e-03
1.129601e-03
1.103321e-03
1.077661e-03
1.052604e-03
1.028138e-03
1.004248e-03
9.804121e-04
9.577803e-04
9.355426e-04
9.138281e-04
8.926220e-04
8.717505e-04
8.516104e-04
8.315799e-04
8.123831e-04
7.935533e-04
7.751654e-04
7.572062e-04
7.396678e-04
7.225385e-04
7.058099e-04
6.894712e-04
6.735137e-04
6.579295e-04
6.427076e-04
6.278408e-04
6.133207e-04
5.991383e-04
5.852872e-04
5.717575e-04
5.585429e-04
5.456356e-04
5.330291e-04
5.207146e-04
5.086875e-04
4.969393e-04
4.854636e-04
4.742552e-04
4.633062e-04
4.526117e-04
4.421657e-04
4.319616e-04
4.219943e-04
4.122580e-04
4.027478e-04
3.934577e-04
3.843828e-04
3.755180e-04
3.668588e-04
3.584005e-04
3.501370e-04
3.420664e-04
3.341809e-04
3.264785e-04
3.189541e-04
3.116048e-04
3.044245e-04
2.974100e-04
2.905586e-04
2.838644e-04
2.773265e-04
2.709378e-04
2.647105e-04
2.586149e-04
2.526587e-04
2.468408e-04
2.411572e-04
2.356052e-04
2.301808e-04
2.248821e-04
2.197054e-04
2.146479e-04
2.097078e-04
2.048812e-04
2.001659e-04
1.955596e-04
1.910591e-04
1.866633e-04
1.823677e-04
1.781720e-04
1.740734e-04
1.700681e-04
1.661554e-04
1.623338e-04
1.585999e-04
1.549510e-04
1.513873e-04
1.479053e-04
1.445033e-04
1.411801e-04
1.379342e-04
1.347615e-04
1.316627e-04
1.286348e-04
1.256774e-04
1.227872e-04
1.199647e-04
1.172062e-04
1.145032e-04
1.118745e-04
1.093031e-04
1.067899e-04
1.043349e-04
1.019366e-04
9.959356e-05
9.730424e-05
9.506731e-05
9.288260e-05
9.074746e-05
8.866158e-05
8.662439e-05
8.463305e-05
8.268793e-05
8.078740e-05
7.893164e-05
7.711669e-05
7.534523e-05
7.361334e-05
7.192199e-05
7.026926e-05
6.865429e-05
6.707715e-05
6.553612e-05
6.402951e-05
6.255845e-05
6.112187e-05
5.971653e-05
5.834528e-05
5.700386e-05
5.569460e-05
5.441538e-05
5.316503e-05
5.194309e-05
5.075010e-05
4.958466e-05
4.844483e-05
4.733238e-05
4.624492e-05
4.518255e-05
4.414466e-05
4.313006e-05
4.213956e-05
4.117156e-05
4.022563e-05
3.930239e-05
3.839957e-05
3.751684e-05
3.665524e-05
3.581311e-05
3.499078e-05
3.418674e-05
3.340205e-05
3.263470e-05
3.188463e-05
3.115246e-05
3.043722e-05
2.973805e-05
2.905512e-05
2.838768e-05
2.773571e-05
2.709829e-05
2.647618e-05
2.586854e-05
2.527348e-05
2.469362e-05
2.412611e-05
2.357267e-05
2.303120e-05
2.250154e-05
2.198584e-05
2.147989e-05
2.098718e-05
2.050494e-05
2.003432e-05
1.957371e-05
1.912469e-05
1.868504e-05
1.825599e-05
1.783682e-05
1.742772e-05
1.702697e-05
1.663597e-05
1.625407e-05
1.588050e-05
1.551644e-05
1.515931e-05
1.481173e-05
1.447131e-05
1.413943e-05
1.381437e-05
1.349695e-05
1.318746e-05
1.288420e-05
1.258888e-05
1.229909e-05
1.201747e-05
1.174080e-05
1.147185e-05
1.120763e-05
1.095118e-05
1.069894e-05
1.045344e-05
1.021318e-05
9.979348e-06
9.749954e-06
9.525622e-06
9.307480e-06
9.093231e-06
8.884794e-06
8.680282e-06
8.481473e-06
8.286415e-06
