1.278896e+03
1.001162e+03
7.636608e+02
5.582797e+02
3.828550e+02
2.554893e+02
1.787642e+02
1.410048e+02
1.167230e+02
9.600007e+01
7.621945e+01
5.849504e+01
4.301481e+01
2.941618e+01
1.883887e+01
1.052116e+01
5.114684e+00
2.010254e+00
5.975513e-01
6.019102e-02
1.495654e-03
4.817194e-05
1.017701e-07
1.983425e+02
2.362994e+02
2.738308e+02
3.040060e+02
3.204354e+02
3.242067e+02
3.165540e+02
3.021933e+02
2.870616e+02
2.707991e+02
2.547612e+02
2.378250e+02
2.225377e+02
2.064135e+02
1.920944e+02
1.782145e+02
1.635542e+02
1.506431e+02
1.377900e+02
1.258013e+02
1.134493e+02
1.022565e+02
9.171702e+01
8.150071e+01
7.151415e+01
6.254627e+01
5.429246e+01
4.629161e+01
3.842012e+01
3.155026e+01
2.519955e+01
1.938215e+01
1.424197e+01
9.948496e+00
6.472302e+00
3.616820e+00
1.784364e+00
7.513596e-01
3.866373e-01
3.283477e-01
3.209344e-01
3.158635e-01
3.106359e-01
3.052405e-01
2.996853e-01
2.940765e-01
2.883923e-01
2.825908e-01
2.767999e-01
2.710028e-01
2.650988e-01
2.592271e-01
2.534188e-01
2.475094e-01
2.416070e-01
2.358358e-01
2.300003e-01
2.241016e-01
2.183647e-01
2.126624e-01
2.068249e-01
2.010865e-01
1.955193e-01
1.898377e-01
1.840944e-01
1.785744e-01
1.731160e-01
1.674729e-01
1.618977e-01
1.565781e-01
1.511946e-01
1.456314e-01
1.402440e-01
1.350922e-01
1.297870e-01
1.243283e-01
1.191127e-01
1.141117e-01
1.089063e-01
1.035545e-01
9.847817e-02
9.362681e-02
8.855231e-02
8.330112e-02
7.832353e-02
7.362506e-02
6.872762e-02
6.358842e-02
5.867371e-02
5.413015e-02
4.948925e-02
4.454282e-02
3.971336e-02
3.535667e-02
3.113562e-02
2.663528e-02
2.210719e-02
1.810525e-02
1.463265e-02
1.111248e-02
7.347189e-03
3.859587e-03
1.460239e-03
3.869183e-04
8.090049e-05
1.544075e-05
2.891457e-06
5.387911e-07
1.162460e-07
3.822384e-08
8.250914e-09
2.219926e-09
2.169150e-09
2.142342e+22
5.490768e+21
1.804961e+21
7.214261e+20
2.586478e+20
9.317031e+19
3.377680e+19
1.311620e+19
4.734524e+18
1.701942e+18
6.202151e+17
2.406372e+17
8.652809e+16
3.110488e+16
1.149451e+16
4.397672e+15
1.581362e+15
5.684815e+14
2.204623e+14
8.036829e+13
2.890058e+13
1.043289e+13
4.038814e+12
1.468752e+12
5.281829e+11
1.906757e+11
7.396266e+10
2.684280e+10
9.692283e+09
3.485212e+09
1.351846e+09
4.906429e+08
1.771785e+08
6.372673e+07
2.485368e+07
8.979182e+06
3.244025e+06
1.167416e+06
4.574832e+05
1.659071e+05
6.001664e+04
2.190328e+04
8.623797e+03
3.185282e+03
1.181885e+03
4.653262e+02
2.076671e+02
8.526815e+01
3.641970e+01
1.235520e+01
4.133872e+00
7.804261e-01
1.265498e-01
3.653741e-03
6.979468e-06
8.979916e-09
8.461454e-09
2.784311e-09
4.916824e-09
6.893478e-09
1.066543e-09
2.306135e+00
8.944839e-01
2.415561e-01
2.511860e-02
4.713083e-04
3.292005e-05
6.222019e-06
1.177308e-06
2.227284e-07
4.218830e-08
8.979021e-09
2.317022e+00
8.984283e-01
2.427390e-01
2.520682e-02
4.748994e-04
3.354901e-05
6.376065e-06
1.210757e-06
2.299472e-07
4.766159e-08
1.082559e-08
8.383324e-09
2.330157e+00
9.009130e-01
2.430854e-01
2.529810e-02
4.784336e-04
3.419937e-05
6.538681e-06
1.252765e-06
2.407603e-07
4.689607e-08
8.947774e-09
2.339980e+00
9.066687e-01
2.442426e-01
2.540170e-02
4.822309e-04
3.487751e-05
6.710398e-06
1.291272e-06
2.492896e-07
4.803917e-08
9.224884e-09
2.355015e+00
9.116839e-01
2.443890e-01
2.548974e-02
4.867013e-04
3.556886e-05
6.882897e-06
1.331069e-06
2.593514e-07
5.167519e-08
1.500724e-08
5.208447e-09
2.367609e+00
9.146465e-01
2.459520e-01
2.558936e-02
4.899668e-04
3.628991e-05
7.066760e-06
1.377681e-06
2.671723e-07
5.764751e-08
1.907861e-08
5.149689e-09
2.380502e+00
9.194455e-01
2.469899e-01
2.571026e-02
4.940143e-04
3.703780e-05
7.255983e-06
1.421613e-06
2.797046e-07
5.831922e-08
1.928443e-08
3.705141e-09
2.394652e+00
9.237748e-01
2.479720e-01
2.583220e-02
4.982492e-04
3.781269e-05
7.452636e-06
1.468280e-06
2.943211e-07
5.765484e-08
1.241938e-08
6.584404e-09
2.413087e+00
9.269377e-01
2.498357e-01
2.591605e-02
5.024496e-04
3.861992e-05
7.659830e-06
1.524566e-06
3.040512e-07
6.367514e-08
1.426409e-08
6.131980e-09
2.428105e+00
9.349972e-01
2.498595e-01
2.604020e-02
5.068006e-04
3.945509e-05
7.880860e-06
1.571921e-06
3.174573e-07
6.682784e-08
1.882373e-08
1.150681e-08
1.445835e-09
2.442370e+00
9.429208e-01
2.511682e-01
2.617959e-02
5.113846e-04
4.032176e-05
8.106670e-06
1.628185e-06
3.344927e-07
7.443877e-08
1.769654e-08
5.899587e-09
2.462562e+00
9.478760e-01
2.526489e-01
2.634424e-02
5.162203e-04
4.122562e-05
8.341207e-06
1.687396e-06
3.436615e-07
7.595680e-08
2.051343e-08
1.069392e-08
4.553646e-09
2.485435e+00
9.527311e-01
2.527998e-01
2.648100e-02
5.210914e-04
4.216801e-05
8.586840e-06
1.749104e-06
3.570876e-07
7.816496e-08
2.015824e-08
6.614742e-09
2.503101e+00
9.593481e-01
2.557919e-01
2.662394e-02
5.262642e-04
4.314606e-05
8.855445e-06
1.824854e-06
3.738263e-07
7.973954e-08
1.930820e-08
6.473065e-09
2.526683e+00
9.641422e-01
2.575601e-01
2.677983e-02
5.314663e-04
4.416620e-05
9.120360e-06
1.885885e-06
3.945762e-07
8.981249e-08
1.763086e-08
4.423318e-09
2.545948e+00
9.757346e-01
2.590714e-01
2.696248e-02
5.371725e-04
4.523916e-05
9.414974e-06
1.952807e-06
4.136786e-07
8.562272e-08
2.126887e-08
6.555111e-09
2.576203e+00
9.807533e-01
2.609270e-01
2.709215e-02
5.430235e-04
4.634955e-05
9.708310e-06
2.032746e-06
4.250897e-07
9.333098e-08
2.036967e-08
5.581617e-09
2.601187e+00
9.911383e-01
2.620163e-01
2.728356e-02
5.486589e-04
4.751438e-05
1.002310e-05
2.111069e-06
4.532769e-07
9.807557e-08
2.381910e-08
6.131915e-09
2.624610e+00
1.003845e+00
2.637910e-01
2.745406e-02
5.564186e-04
4.873154e-05
1.035917e-05
2.203359e-06
4.679493e-07
1.044276e-07
2.257609e-08
7.465471e-09
2.653291e+00
1.011926e+00
2.678535e-01
2.760293e-02
5.609959e-04
5.001178e-05
1.071338e-05
2.292033e-06
4.912442e-07
1.102594e-07
3.210207e-08
1.254968e-08
1.180623e-09
2.680548e+00
1.028871e+00
2.671902e-01
2.783943e-02
5.676111e-04
5.135310e-05
1.108570e-05
2.395623e-06
5.240173e-07
1.118921e-07
3.291689e-08
7.927232e-09
2.714566e+00
1.036544e+00
2.728501e-01
2.800901e-02
5.746746e-04
5.276647e-05
1.148025e-05
2.494820e-06
5.439094e-07
1.264996e-07
3.449793e-08
1.072309e-08
4.279187e-09
2.747869e+00
1.051037e+00
2.734926e-01
2.832855e-02
5.818770e-04
5.425083e-05
1.189547e-05
2.602235e-06
5.731407e-07
1.360334e-07
2.963666e-08
6.528250e-09
2.789340e+00
1.064914e+00
2.771937e-01
2.860785e-02
5.893967e-04
5.581483e-05
1.234183e-05
2.726049e-06
5.996260e-07
1.344799e-07
3.182509e-08
1.783355e-08
1.306035e-08
4.984944e-09
2.829217e+00
1.079625e+00
2.823599e-01
2.885204e-02
5.977076e-04
5.744730e-05
1.280346e-05
2.855718e-06
6.358258e-07
1.435696e-07
3.584758e-08
7.739253e-09
2.870155e+00
1.109646e+00
2.882104e-01
2.943517e-02
6.066109e-04
5.918184e-05
1.330437e-05
2.987666e-06
6.726489e-07
1.515832e-07
3.553666e-08
1.896723e-08
1.606183e-08
3.247628e-09
2.931885e+00
1.143368e+00
2.962058e-01
3.004412e-02
6.186155e-04
6.099672e-05
1.383142e-05
3.129293e-06
7.117361e-07
1.689500e-07
4.626012e-08
9.535890e-09
3.022176e+00
1.190711e+00
3.104053e-01
3.120806e-02
6.346428e-04
6.290543e-05
1.439984e-05
3.290783e-06
7.505531e-07
1.731504e-07
4.889962e-08
2.987744e-08
2.274563e-08
1.023305e-08
4.171300e-09
3.158534e+00
1.268643e+00
3.302428e-01
3.319423e-02
6.604625e-04
6.488462e-05
1.497988e-05
3.453455e-06
7.991727e-07
1.893856e-07
5.674369e-08
1.777089e-08
7.061350e-09
3.374710e+00
1.367131e+00
3.648485e-01
3.600265e-02
6.974845e-04
6.691789e-05
1.561904e-05
3.633483e-06
8.517294e-07
2.052252e-07
4.641622e-08
1.213268e-08
6.187371e-09
3.691907e+00
1.528254e+00
4.112940e-01
4.016542e-02
7.542743e-04
6.895512e-05
1.622405e-05
3.803908e-06
9.155075e-07
2.172997e-07
5.902618e-08
2.094640e-08
1.612615e-08
8.415842e-09
4.125049e+00
1.753080e+00
4.754323e-01
4.783007e-02
8.682369e-04
7.085263e-05
1.682623e-05
3.993257e-06
9.511222e-07
2.309601e-07
6.960384e-08
2.382486e-08
4.690709e+00
2.039726e+00
5.552499e-01
5.572521e-02
1.013014e-03
7.240296e-05
1.735198e-05
4.156596e-06
1.005124e-06
2.513105e-07
5.937741e-08
3.699740e-08
1.804882e-08
1.408717e-08
1.144569e-08
6.307570e-09
5.331052e+00
2.357576e+00
6.387449e-01
6.336080e-02
1.105695e-03
7.314990e-05
1.770848e-05
4.301892e-06
1.047743e-06
2.532727e-07
6.493861e-08
2.968665e-08
5.916180e+00
2.622421e+00
7.059588e-01
6.619157e-02
1.135812e-03
7.250876e-05
1.772478e-05
4.326844e-06
1.072049e-06
2.648907e-07
6.487291e-08
2.021847e-08
6.281841e+00
2.757128e+00
7.286681e-01
7.267596e-02
1.215753e-03
6.978040e-05
1.721359e-05
4.279446e-06
1.047455e-06
2.810259e-07
7.888484e-08
4.091048e-08
6.002364e-09
6.429537e+00
2.728232e+00
6.854547e-01
6.465545e-02
1.059938e-03
6.459287e-05
1.611236e-05
4.026446e-06
1.001432e-06
2.526155e-07
6.818140e-08
2.681414e-08
8.037882e-09
6.291217e+00
2.568182e+00
6.090851e-01
5.429080e-02
8.485610e-04
5.776181e-05
1.456314e-05
3.661754e-06
9.322994e-07
2.360722e-07
8.698719e-08
2.011086e-08
5.998352e+00
2.321334e+00
5.347050e-01
4.649040e-02
7.182914e-04
5.075336e-05
1.292070e-05
3.307146e-06
8.325110e-07
2.170474e-07
5.856751e-08
1.424195e-08
5.647864e+00
2.068607e+00
4.625128e-01
4.198786e-02
6.726935e-04
4.496408e-05
1.155037e-05
2.974585e-06
7.569429e-07
2.259831e-07
5.039011e-08
1.661920e-08
1.519319e-08
5.291128e+00
1.854518e+00
4.239639e-01
3.879819e-02
6.131913e-04
4.092382e-05
1.062179e-05
2.749767e-06
7.169114e-07
1.921497e-07
6.098912e-08
2.381058e-08
1.523160e-08
4.951449e+00
1.723616e+00
3.961181e-01
3.688712e-02
5.775349e-04
3.879675e-05
1.014330e-05
2.667484e-06
7.028031e-07
1.790355e-07
5.958108e-08
2.434755e-08
3.256986e-09
4.693619e+00
1.625680e+00
3.798870e-01
3.590735e-02
5.631666e-04
3.845346e-05
1.016091e-05
2.694905e-06
6.979958e-07
1.865819e-07
5.397880e-08
2.653827e-08
1.564302e-08
4.504332e+00
1.562492e+00
3.677571e-01
3.531453e-02
5.659420e-04
3.995014e-05
1.064692e-05
2.846871e-06
7.622999e-07
1.959249e-07
6.448725e-08
2.002843e-08
1.232745e-08
4.379208e+00
1.521528e+00
3.597939e-01
3.499996e-02
5.841216e-04
4.343390e-05
1.169239e-05
3.156508e-06
8.477353e-07
2.344525e-07
6.161477e-08
1.624664e-08
4.866395e-09
4.276875e+00
1.512951e+00
3.600115e-01
3.500751e-02
6.002797e-04
4.940892e-05
1.346240e-05
3.662247e-06
1.002108e-06
2.719124e-07
6.893176e-08
4.172633e-08
1.282464e-08
1.085463e-08
1.522697e-09
4.233354e+00
1.506639e+00
3.579211e-01
3.503568e-02
6.322811e-04
5.894538e-05
1.624692e-05
4.473728e-06
1.233291e-06
3.439958e-07
8.988620e-08
2.509463e-08
1.408537e-08
1.175665e-08
4.876117e-09
4.214478e+00
1.520304e+00
3.628680e-01
3.530716e-02
6.881669e-04
7.342983e-05
2.047882e-05
5.707642e-06
1.587604e-06
4.570955e-07
1.298446e-07
2.861135e-08
1.589675e-08
4.229494e+00
1.532999e+00
3.651679e-01
3.579494e-02
7.590875e-04
9.570435e-05
2.705946e-05
7.633900e-06
2.159729e-06
6.072879e-07
1.769530e-07
5.174436e-08
1.068924e-08
1.003654e-08
2.826261e-09
4.266868e+00
1.553853e+00
3.718474e-01
3.661253e-02
8.802221e-04
1.293998e-04
3.710111e-05
1.063151e-05
3.040637e-06
8.738787e-07
2.496516e-07
6.887657e-08
1.849907e-08
9.178467e-09
4.317724e+00
1.566115e+00
3.793228e-01
3.762277e-02
1.053567e-03
1.804643e-04
5.256623e-05
1.530134e-05
4.453298e-06
1.298310e-06
3.708792e-07
1.068404e-07
3.249809e-08
1.593805e-08
1.798632e-09
4.371081e+00
1.584948e+00
3.805209e-01
3.841335e-02
1.309805e-03
2.546772e-04
7.545476e-05
2.234608e-05
6.616007e-06
1.957034e-06
5.653416e-07
1.825420e-07
3.837986e-08
2.104192e-08
1.016455e-08
4.392235e+00
1.594309e+00
3.860953e-01
3.965971e-02
1.653165e-03
3.613790e-04
1.092000e-04
3.294342e-05
9.943580e-06
2.985709e-06
9.105717e-07
2.737658e-07
7.782221e-08
2.017837e-08
7.224136e-09
4.402534e+00
1.574039e+00
3.799314e-01
4.046436e-02
2.114138e-03
5.038775e-04
1.555335e-04
4.793182e-05
1.475076e-05
4.541513e-06
1.411219e-06
4.235422e-07
1.251901e-07
4.635513e-08
1.463500e-08
2.077793e-09
4.354090e+00
1.537679e+00
3.747024e-01
4.175321e-02
2.655370e-03
6.842831e-04
2.161451e-04
6.816323e-05
2.147716e-05
6.761366e-06
2.141032e-06
6.617071e-07
2.202047e-07
5.477733e-08
2.522684e-08
1.320339e-08
1.760387e-09
4.270774e+00
1.466896e+00
3.609009e-01
4.263987e-02
3.247534e-03
8.900673e-04
2.885716e-04
9.328955e-05
3.013728e-05
9.720096e-06
3.141501e-06
1.004591e-06
3.400334e-07
9.450911e-08
4.274116e-08
1.369162e-08
1.855422e-09
4.108058e+00
1.400062e+00
3.515876e-01
4.344338e-02
3.883534e-03
1.123450e-03
3.730110e-04
1.238094e-04
4.100990e-05
1.360199e-05
4.499597e-06
1.497344e-06
4.951141e-07
1.688482e-07
4.904090e-08
1.465414e-08
1.171793e-08
5.009562e-09
3.927934e+00
1.321045e+00
3.402728e-01
4.420582e-02
4.518627e-03
1.365038e-03
4.662685e-04
1.590224e-04
5.419708e-05
1.845299e-05
6.280608e-06
2.143776e-06
7.271222e-07
2.472912e-07
7.963888e-08
3.212013e-08
8.017096e-09
3.721690e+00
1.248015e+00
3.348494e-01
4.494342e-02
5.132501e-03
1.622416e-03
5.698327e-04
1.998807e-04
7.004146e-05
2.454134e-05
8.599920e-06
3.011604e-06
1.056488e-06
3.657014e-07
1.344854e-07
3.222061e-08
2.092086e-08
3.051732e-09
3.514212e+00
1.189133e+00
3.302953e-01
4.582011e-02
5.763956e-03
1.896552e-03
6.855143e-04
2.474427e-04
8.922748e-05
3.217640e-05
1.158937e-05
4.186250e-06
1.503619e-06
5.426590e-07
1.895307e-07
7.829431e-08
1.900683e-08
4.922700e-09
3.320707e+00
1.140475e+00
3.274417e-01
4.671242e-02
6.424077e-03
2.202234e-03
8.198187e-04
3.043397e-04
1.129900e-04
4.192309e-05
1.555600e-05
5.775772e-06
2.145254e-06
7.958935e-07
2.938447e-07
1.119531e-07
3.278036e-08
2.085214e-08
8.357703e-09
3.141970e+00
1.105448e+00
3.257945e-01
4.771587e-02
7.135572e-03
2.538321e-03
9.726418e-04
3.722090e-04
1.423120e-04
5.439834e-05
2.078431e-05
7.949273e-06
3.033972e-06
1.154250e-06
4.419522e-07
1.773302e-07
6.210404e-08
2.278377e-08
1.734261e-08
6.903975e-09
2.981152e+00
1.082820e+00
3.253537e-01
4.895728e-02
7.902507e-03
2.929920e-03
1.155604e-03
4.553841e-04
1.794342e-04
7.065446e-05
2.782225e-05
1.095204e-05
4.312412e-06
1.696063e-06
6.687776e-07
2.615914e-07
1.087387e-07
3.606824e-08
1.870308e-08
3.650724e-09
2.846062e+00
1.061134e+00
3.260034e-01
5.030270e-02
8.828463e-03
3.386297e-03
1.377804e-03
5.597829e-04
2.273481e-04
9.223876e-05
3.742432e-05
1.519218e-05
6.158683e-06
2.499393e-06
1.020232e-06
4.114466e-07
1.627510e-07
6.361739e-08
2.828752e-08
1.058591e-08
1.024568e-08
2.725862e+00
1.052292e+00
3.287021e-01
5.190107e-02
9.801548e-03
3.896324e-03
1.637115e-03
6.855434e-04
2.869418e-04
1.200546e-04
5.023209e-05
2.100931e-05
8.790247e-06
3.678738e-06
1.531173e-06
6.466454e-07
2.704850e-07
1.080258e-07
5.357132e-08
1.692356e-08
1.247432e-08
2.624247e+00
1.048233e+00
3.333395e-01
5.415746e-02
1.101050e-02
4.552502e-03
1.968978e-03
8.505986e-04
3.673118e-04
1.585385e-04
6.841677e-05
2.952043e-05
1.274002e-05
5.500056e-06
2.370749e-06
1.024548e-06
4.380708e-07
1.924177e-07
7.911630e-08
4.115098e-08
1.227210e-08
5.930590e-09
2.534613e+00
1.053370e+00
3.389851e-01
5.703377e-02
1.247831e-02
5.346887e-03
2.387644e-03
1.065158e-03
4.747599e-04
2.115398e-04
9.423457e-05
4.197844e-05
1.869885e-05
8.332187e-06
3.709538e-06
1.656276e-06
7.340966e-07
3.281896e-07
1.460558e-07
6.164641e-08
3.264602e-08
1.130160e-08
2.453077e+00
1.046006e+00
3.407170e-01
5.961460e-02
1.421355e-02
6.357669e-03
2.933620e-03
1.351648e-03
6.225897e-04
2.866475e-04
1.319743e-04
6.075238e-05
2.796903e-05
1.287272e-05
5.925758e-06
2.729380e-06
1.253614e-06
5.754943e-07
2.690917e-07
1.209773e-07
5.990163e-08
2.277696e-08
1.466653e-08
2.342326e+00
1.026136e+00
3.412698e-01
6.223683e-02
1.641401e-02
7.643341e-03
3.648099e-03
1.738182e-03
8.288067e-04
3.948426e-04
1.880708e-04
8.957206e-05
4.266067e-05
2.031750e-05
9.676869e-06
4.610820e-06
2.192703e-06
1.046429e-06
4.962145e-07
2.376933e-07
1.132817e-07
5.089667e-08
2.859588e-08
2.225250e+00
1.007718e+00
3.401445e-01
6.557708e-02
1.902336e-02
9.205371e-03
4.552914e-03
2.251025e-03
1.110620e-03
5.479901e-04
2.703371e-04
1.333539e-04
6.577709e-05
3.244273e-05
1.600303e-05
7.894333e-06
3.893166e-06
1.919488e-06
9.465636e-07
4.681447e-07
2.308826e-07
1.118876e-07
5.754410e-08
2.602156e-08
2.130485e+00
9.959668e-01
3.424881e-01
6.981497e-02
2.232359e-02
1.125187e-02
5.762862e-03
2.952148e-03
1.510654e-03
7.727370e-04
3.955432e-04
2.021889e-04
1.033896e-04
5.286561e-05
2.703295e-05
1.382256e-05
7.070338e-06
3.613183e-06
1.846528e-06
9.461981e-07
4.841118e-07
2.462532e-07
1.263463e-07
6.428190e-08
3.082011e-08
2.160447e+00
9.984515e-01
3.446471e-01
7.497615e-02
2.643111e-02
1.390373e-02
7.388006e-03
3.925552e-03
2.084396e-03
1.106383e-03
5.871448e-04
3.115629e-04
1.653179e-04
8.771567e-05
4.654119e-05
2.469413e-05
1.310129e-05
6.951228e-06
3.688966e-06
1.957432e-06
1.038397e-06
5.496211e-07
2.930714e-07
1.538566e-07
8.314351e-08
4.338260e-08
2.312994e+00
1.015657e+00
3.512580e-01
8.278307e-02
3.178965e-02
1.742542e-02
9.639872e-03
5.313432e-03
2.930377e-03
1.615476e-03
8.905184e-04
4.907694e-04
2.704648e-04
1.490468e-04
8.213644e-05
4.526285e-05
2.494143e-05
1.374440e-05
7.574006e-06
4.175239e-06
2.299072e-06
1.266902e-06
6.990111e-07
3.856434e-07
2.108409e-07
1.178939e-07
6.512123e-08
2.499357e+00
1.043486e+00
3.640222e-01
9.236620e-02
3.918373e-02
2.232367e-02
1.285578e-02
7.359664e-03
4.227186e-03
2.420378e-03
1.387307e-03
7.946018e-04
4.552210e-04
2.607845e-04
1.493921e-04
8.558146e-05
4.902509e-05
2.808332e-05
1.608756e-05
9.216354e-06
5.278814e-06
3.024906e-06
1.732203e-06
9.925639e-07
5.684227e-07
3.256888e-07
1.857787e-07
1.062084e-07
2.714735e+00
1.089804e+00
3.880084e-01
1.078580e-01
5.007068e-02
2.982096e-02
1.776993e-02
1.062388e-02
6.329158e-03
3.775043e-03
2.249346e-03
1.340620e-03
7.989723e-04
4.761485e-04
2.837563e-04
1.691011e-04
1.007715e-04
6.005275e-05
3.578671e-05
2.132494e-05
1.270958e-05
7.574307e-06
4.512340e-06
2.689688e-06
1.603090e-06
9.556662e-07
5.681266e-07
3.407284e-07
2.011871e-07
1.205786e-07
2.948400e+00
1.144626e+00
4.441248e-01
1.360282e-01
6.876123e-02
4.267178e-02
2.644850e-02
1.640865e-02
1.017684e-02
6.312151e-03
3.913976e-03
2.425007e-03
1.505823e-03
9.330010e-04
5.784614e-04
3.586444e-04
2.223573e-04
1.378591e-04
8.547113e-05
5.299076e-05
3.285328e-05
2.036904e-05
1.262833e-05
7.830443e-06
4.853481e-06
3.009683e-06
1.865812e-06
1.157299e-06
7.168064e-07
4.451371e-07
2.755870e-07
1.699467e-07
3.131674e+00
1.229786e+00
5.365114e-01
1.851584e-01
1.006178e-01
6.504368e-02
4.193264e-02
2.713946e-02
1.754461e-02
1.131593e-02
7.303414e-03
4.716431e-03
3.044285e-03
1.965448e-03
1.269219e-03
8.193139e-04
5.290242e-04
3.415037e-04
2.204662e-04
1.423285e-04
9.188381e-05
5.931868e-05
3.829449e-05
2.472211e-05
1.596019e-05
1.030249e-05
6.652125e-06
4.294246e-06
2.772001e-06
1.789738e-06
1.155597e-06
7.462194e-07
4.807617e-07
3.109869e-07
2.000994e-07
3.194516e+00
1.182595e+00
4.853601e-01
2.105077e-01
1.320584e-01
8.889697e-02
5.999791e-02
4.054645e-02
2.735948e-02
1.850454e-02
1.253731e-02
8.462404e-03
5.719775e-03
3.861351e-03
2.611927e-03
1.765614e-03
1.193972e-03
8.069903e-04
5.455347e-04
3.687881e-04
2.493065e-04
1.685359e-04
1.139340e-04
7.702225e-05
5.206881e-05
3.519814e-05
2.379582e-05
1.608672e-05
1.087410e-05
7.352180e-06
4.969642e-06
3.359076e-06
2.271428e-06
1.535282e-06
1.038556e-06
7.009270e-07
4.739484e-07
3.213570e-07
3.583757e+00
1.478822e+00
4.266062e-01
2.347048e-01
1.591426e-01
1.119852e-01
7.946163e-02
5.597366e-02
3.962177e-02
2.800171e-02
1.982160e-02
1.403299e-02
9.953484e-03
7.044443e-03
4.991827e-03
3.535428e-03
2.504564e-03
1.774362e-03
1.257092e-03
8.906377e-04
6.310205e-04
4.470427e-04
3.167529e-04
2.244260e-04
1.590116e-04
1.126637e-04
7.982564e-05
5.655824e-05
4.007343e-05
2.839333e-05
2.011767e-05
1.425455e-05
1.009868e-05
7.157284e-06
5.070726e-06
3.593546e-06
2.545115e-06
1.803894e-06
1.277711e-06
9.058115e-07
6.410766e-07
4.544421e-07
4.505399e+00
2.056199e+00
4.124641e-01
2.720434e-01
2.017180e-01
1.484476e-01
1.088806e-01
8.026352e-02
5.909301e-02
4.367506e-02
3.222739e-02
2.376773e-02
1.754955e-02
1.296845e-02
9.588834e-03
7.096354e-03
5.244729e-03
3.878704e-03
2.870350e-03
2.122529e-03
1.569909e-03
1.161206e-03
8.589250e-04
6.353441e-04
4.699681e-04
3.476414e-04
2.571576e-04
1.902249e-04
1.407146e-04
1.040905e-04
7.699921e-05
5.695839e-05
4.213389e-05
3.116779e-05
2.305594e-05
1.705558e-05
1.261620e-05
9.332710e-06
6.903702e-06
5.106880e-06
3.777669e-06
2.794783e-06
2.067087e-06
1.529162e-06
1.130943e-06
8.372441e-07
6.065315e+00
3.188969e+00
7.367169e-01
3.457535e-01
2.953931e-01
2.252816e-01
1.704293e-01
1.297352e-01
9.873110e-02
7.517333e-02
5.746442e-02
4.385719e-02
3.355216e-02
2.570381e-02
1.965426e-02
1.511027e-02
1.157504e-02
8.875542e-03
6.803573e-03
5.227964e-03
4.009777e-03
3.078543e-03
2.361529e-03
1.812213e-03
1.390726e-03
1.067298e-03
8.191053e-04
6.286377e-04
4.824667e-04
3.702872e-04
2.841926e-04
2.181167e-04
1.674048e-04
1.284840e-04
9.861169e-05
7.568547e-05
5.808931e-05
4.458367e-05
3.421851e-05
2.626299e-05
2.015722e-05
1.547091e-05
1.187388e-05
9.113423e-06
6.994763e-06
5.368746e-06
4.120181e-06
3.162366e-06
2.427072e-06
1.863414e-06
1.429623e-06
1.097194e-06
8.776340e+00
5.499895e+00
1.764570e+00
4.870345e-01
5.164986e-01
4.104425e-01
3.168793e-01
2.455530e-01
1.902074e-01
1.474176e-01
1.150723e-01
9.025781e-02
7.054185e-02
5.532015e-02
4.346571e-02
3.411227e-02
2.678557e-02
2.102180e-02
1.656002e-02
1.300003e-02
1.022527e-02
8.038316e-03
6.326386e-03
4.976732e-03
3.914139e-03
3.080224e-03
2.422775e-03
1.906814e-03
1.500483e-03
1.180767e-03
9.291936e-04
7.312312e-04
5.754512e-04
4.528625e-04
3.563916e-04
2.804725e-04
2.207277e-04
1.737094e-04
1.367072e-04
1.075877e-04
8.467056e-05
6.663472e-05
5.244123e-05
4.127114e-05
3.248008e-05
2.556182e-05
2.011679e-05
1.583196e-05
1.245974e-05
9.805567e-06
7.717392e-06
6.073037e-06
4.779562e-06
3.761705e-06
2.960084e-06
2.330101e-06
1.833285e-06
1.442965e-06
1.321726e+01
8.621098e+00
2.464059e+00
1.015785e+00
7.911831e-01
6.451640e-01
5.129662e-01
3.995498e-01
3.173826e-01
2.512708e-01
1.988417e-01
1.583046e-01
1.261315e-01
1.005134e-01
7.992569e-02
6.365562e-02
5.095580e-02
4.065670e-02
3.246063e-02
2.590482e-02
2.071198e-02
1.654019e-02
1.323231e-02
1.055975e-02
8.447373e-03
6.753769e-03
5.396625e-03
4.314077e-03
3.448336e-03
2.757368e-03
2.204080e-03
1.761952e-03
1.408536e-03
1.126022e-03
9.001814e-04
7.196425e-04
5.750701e-04
4.596357e-04
3.673107e-04
2.937269e-04
2.348224e-04
1.878753e-04
1.501415e-04
1.200325e-04
9.596170e-05
7.671776e-05
6.133318e-05
4.903399e-05
3.920063e-05
3.133994e-05
2.505498e-05
2.003069e-05
1.601388e-05
1.280244e-05
1.023510e-05
8.182839e-06
6.541644e-06
5.229935e-06
4.181112e-06
3.342896e-06
2.672397e-06
2.136338e-06
1.708143e-06
1.365508e-06
1.609485e+01
8.106658e+00
1.373571e+00
1.011041e+00
8.192484e-01
6.953030e-01
5.702319e-01
4.598548e-01
3.753814e-01
3.068063e-01
2.502340e-01
2.047945e-01
1.676453e-01
1.378855e-01
1.130224e-01
9.270443e-02
7.585127e-02
6.226502e-02
5.113555e-02
4.186344e-02
3.440450e-02
2.821318e-02
2.320221e-02
1.902168e-02
1.561503e-02
1.285271e-02
1.053415e-02
8.663057e-03
7.112739e-03
5.843399e-03
4.797303e-03
3.942369e-03
3.238409e-03
2.660484e-03
2.186793e-03
1.796186e-03
1.475681e-03
1.212373e-03
9.960523e-04
8.183326e-04
6.723247e-04
5.526129e-04
4.539139e-04
3.729035e-04
3.064311e-04
2.517597e-04
2.068427e-04
1.699396e-04
1.396205e-04
1.147107e-04
9.424505e-05
7.743102e-05
6.361649e-05
5.226678e-05
4.294183e-05
3.528054e-05
2.898641e-05
2.381478e-05
1.956623e-05
1.607525e-05
1.320737e-05
1.085099e-05
8.915098e-06
7.324619e-06
6.017903e-06
4.944192e-06
4.062071e-06
3.337410e-06
2.741947e-06
2.252855e-06
1.850772e-06
1.536936e+01
6.809309e+00
1.180268e+00
8.624817e-01
7.583373e-01
6.403268e-01
5.466502e-01
4.595301e-01
3.869428e-01
3.267307e-01
2.762661e-01
2.317777e-01
1.957418e-01
1.656699e-01
1.400287e-01
1.185113e-01
1.004083e-01
8.507891e-02
7.200691e-02
6.130211e-02
5.179920e-02
4.379363e-02
3.717560e-02
3.153665e-02
2.676556e-02
2.270264e-02
1.924874e-02
1.633146e-02
1.387041e-02
1.176601e-02
9.978664e-03
8.464626e-03
7.182337e-03
6.091487e-03
5.169553e-03
4.389958e-03
3.724349e-03
3.160068e-03
2.681304e-03
2.275092e-03
1.930432e-03
1.637993e-03
1.391006e-03
1.179857e-03
1.001134e-03
8.498199e-04
7.209496e-04
6.117452e-04
5.190832e-04
4.404574e-04
3.737416e-04
3.171315e-04
2.690963e-04
2.283370e-04
1.937515e-04
1.644047e-04
1.395031e-04
1.183731e-04
1.004437e-04
8.522996e-05
7.232064e-05
6.136656e-05
5.207178e-05
4.418475e-05
3.749226e-05
3.181357e-05
2.699492e-05
2.290624e-05
1.943671e-05
1.649274e-05
1.399472e-05
1.187498e-05
1.007637e-05
8.550169e-06
7.255076e-06
6.156250e-06
5.223846e-06
4.432532e-06
3.761193e-06
3.191515e-06
2.708153e-06
2.297881e-06
