6.508923e+02
6.876320e+02
7.644424e+02
7.925807e+02
8.487273e+02
6.426986e+02
3.528950e+02
2.021099e+02
1.132909e+02
3.526211e+04
1.537898e+05
1.324155e+03
2.199431e+04
3.077382e+02
1.235134e+02
4.770691e+02
1.473317e+02
2.629005e+02
1.347277e+02
9.367655e+01
9.309992e+01
1.153529e+02
1.714256e+02
2.898499e+02
5.183084e+02
9.858224e+02
1.864649e+03
3.407576e+03
5.939116e+03
9.501933e+03
1.301493e+04
1.193980e+04
4.464136e+03
5.221700e+03
3.406259e+02
2.400631e+02
9.064742e+02
6.808656e+01
1.777686e+02
3.048284e+01
5.062033e+01
1.747136e+01
1.978995e+01
1.145555e+01
1.006004e+01
7.669754e+00
6.231264e+00
5.098051e+00
4.392717e+00
4.040298e+00
3.874937e+00
3.716792e+00
3.664776e+00
3.502305e+00
3.318481e+00
3.134664e+00
2.795628e+00
2.328725e+00
1.904312e+00
1.341883e+00
8.224922e-01
3.375247e-01
7.475208e-02
2.971660e-03
1.219022e-04
2.411265e-04
1.721706e-04
2.675073e-05
1.852847e-05
2.265809e-04
3.151337e-05
3.769135e-05
9.379482e-05
3.366525e-04
3.516315e-04
1.304680e-04
3.425483e-04
1.713662e-04
3.746040e-04
2.505735e-04
3.646500e-04
3.571378e-04
7.804027e-05
1.461135e-04
5.109006e-06
1.141580e+02
1.323256e+02
1.523501e+02
1.660485e+02
1.919723e+02
2.201059e+02
2.167566e+02
1.995022e+02
1.799333e+02
1.606797e+02
1.431659e+02
1.282658e+02
1.144053e+02
1.026782e+02
8.945070e+01
7.862849e+01
6.713455e+01
5.671844e+01
4.701895e+01
3.833208e+01
2.973518e+01
2.188010e+01
1.534879e+01
9.750735e+00
5.590234e+00
2.822208e+00
1.415077e+00
9.030297e-01
7.047871e-01
5.840052e-01
4.663190e-01
3.519019e-01
2.538384e-01
1.882083e-01
1.599695e-01
1.495870e-01
1.424221e-01
1.349234e-01
1.289819e-01
1.209966e-01
1.146377e-01
1.078657e-01
1.006759e-01
9.416546e-02
8.784009e-02
8.128095e-02
7.497042e-02
6.850938e-02
6.223669e-02
5.651028e-02
5.042549e-02
4.450813e-02
3.922882e-02
3.372367e-02
2.822924e-02
2.345061e-02
1.859168e-02
1.381160e-02
9.988665e-03
6.229560e-03
3.113329e-03
1.585383e-03
9.733576e-04
2.898062e-04
4.052481e-04
4.978479e-04
3.088150e-04
2.853857e-04
5.352673e-05
3.109006e-04
4.548797e-04
2.176642e-04
2.896365e-04
3.834501e-04
7.422918e-04
5.327867e-04
7.371652e-04
4.848853e-04
1.019392e-04
1.555974e-04
1.125875e-04
4.913690e-04
3.601911e-04
8.216495e-05
8.022297e-04
6.757973e-04
3.341816e-04
1.507173e-04
9.147706e-04
6.182025e-05
1.662708e-04
2.774236e-04
3.223013e-05
1.289052e-04
1.789237e-04
1.013122e-04
4.314258e-04
5.519261e-05
1.666580e-04
7.401063e-04
1.529655e-04
5.436839e-04
4.857526e-04
5.236985e-04
6.672839e-05
2.100603e-04
2.052374e-04
2.397946e-04
4.900104e-04
7.260423e-05
7.158185e-04
5.547996e-05
6.340113e-05
4.858897e-04
7.657822e-04
1.139744e-03
5.637116e-04
1.204316e-04
1.130013e-04
3.832808e-04
2.109183e-04
9.455359e-04
3.011851e-04
5.894217e-04
7.641426e-04
5.295763e-04
6.629941e-04
4.294941e-04
1.388758e-04
5.599571e-04
1.204776e-04
1.214033e-04
1.069936e-03
4.002061e-04
6.457765e-04
6.432099e-04
6.705352e-04
1.231321e-03
8.146965e-04
5.313756e-04
4.485770e-04
3.975723e-04
3.055548e-04
6.763887e-04
3.111942e-04
1.979828e-04
3.691638e-04
1.039078e-03
6.380106e-05
9.462386e-04
1.707792e-04
6.985103e-04
4.216669e-04
5.137933e-05
8.359141e-04
9.452824e-04
5.734626e-05
3.763692e-04
3.679314e-04
2.705616e-04
3.235015e-04
5.281502e-05
8.207851e-04
2.170062e-04
6.159006e-04
2.665292e-04
1.186946e-04
1.383136e-04
6.134916e-04
4.775806e-04
6.984049e-04
9.760926e-04
6.653092e-04
2.247901e-04
2.017121e-04
3.262191e-04
5.670207e-04
3.436077e-04
4.695411e-04
9.909269e-05
8.450094e-04
1.067831e-03
1.236339e-04
5.331371e-04
5.103022e-04
3.054097e-04
5.461916e-04
9.007558e-04
2.327823e-04
1.019863e-04
8.599934e-04
1.833599e-04
2.075096e-04
2.533312e-04
1.254609e-04
2.902371e-04
1.135602e-04
5.769697e-04
5.760677e-04
2.516412e-04
3.995303e-04
3.374617e-04
7.930430e-06
1.698221e-04
2.510617e-04
1.778135e-05
3.607085e-05
2.370025e-04
4.565276e-04
2.132290e-04
2.505695e-04
2.622767e-04
3.766120e-04
4.481742e-04
1.642718e-05
2.671431e-04
3.287991e-04
4.262348e-04
2.456127e-04
1.169294e-03
3.026393e-04
2.044106e-04
3.715919e-04
2.208131e-04
3.142922e-04
3.316505e-04
5.341977e-04
6.911388e-04
3.522592e-04
7.354242e-04
1.114373e-06
5.531168e+18
1.870197e+18
6.185948e+17
2.388221e+17
8.694820e+16
2.795266e+16
6.145121e+15
2.271685e+15
8.522431e+14
3.380152e+14
1.442472e+14
6.204241e+13
2.336683e+13
8.426063e+12
3.161993e+12
1.178170e+12
4.267645e+11
1.538912e+11
5.875164e+10
2.168938e+10
7.818438e+09
2.835502e+09
1.079412e+09
3.963623e+08
1.428768e+08
5.181802e+07
1.972514e+07
7.243142e+06
2.628274e+06
9.481136e+05
3.629562e+05
1.323660e+05
4.803473e+04
1.732667e+04
6.639127e+03
2.429448e+03
8.764723e+02
3.161239e+02
1.210552e+02
4.308934e+01
1.503377e+01
5.179477e+00
1.595167e+00
3.609524e-01
3.887140e-02
1.195885e-03
2.087087e-06
4.809529e-08
3.398542e-08
3.633910e-08
1.110389e-07
8.376821e-08
2.102519e-09
1.870097e-08
2.695130e-08
2.200993e-09
8.988739e-01
3.479445e-01
9.411446e-02
9.850437e-03
1.465080e-04
9.719253e-06
4.008107e-06
1.687042e-06
7.078702e-07
3.377817e-07
1.671041e-07
4.979920e-08
9.000153e-01
3.489156e-01
9.491442e-02
1.008970e-02
1.463482e-04
9.948737e-06
4.103577e-06
1.693782e-06
7.007486e-07
3.098202e-07
1.295183e-07
7.073527e-08
3.814356e-08
9.087223e-01
3.512792e-01
9.547758e-02
1.013110e-02
1.470436e-04
1.019503e-05
4.197355e-06
1.732006e-06
7.389510e-07
3.084713e-07
1.424424e-07
6.473128e-08
9.209360e-01
3.534959e-01
9.667709e-02
1.010925e-02
1.494153e-04
1.043994e-05
4.326826e-06
1.803543e-06
7.880072e-07
3.696906e-07
1.251264e-07
5.156966e-08
3.563414e-08
1.147833e-08
9.310063e-01
3.558496e-01
9.742773e-02
1.015965e-02
1.504823e-04
1.071863e-05
4.411336e-06
1.830530e-06
7.563769e-07
3.107995e-07
1.626376e-07
6.269474e-08
9.353714e-01
3.597566e-01
9.819766e-02
1.018536e-02
1.534557e-04
1.098924e-05
4.549526e-06
1.868415e-06
7.881961e-07
3.186663e-07
1.364321e-07
7.493188e-08
2.999754e-08
1.450298e-08
1.075827e-08
9.363452e-01
3.656762e-01
9.916447e-02
1.024086e-02
1.541586e-04
1.128290e-05
4.695987e-06
1.951043e-06
8.056014e-07
3.524333e-07
1.358128e-07
6.375978e-08
3.002868e-08
9.342284e-01
3.696602e-01
1.003764e-01
1.047376e-02
1.548324e-04
1.159964e-05
4.828937e-06
1.993727e-06
8.651137e-07
3.396143e-07
2.014737e-07
5.971551e-08
5.615365e-08
9.485783e-01
3.732997e-01
1.003090e-01
1.053443e-02
1.563250e-04
1.193474e-05
4.917072e-06
2.030561e-06
8.706174e-07
4.269411e-07
2.418917e-07
9.656038e-08
4.673652e-08
9.604335e-01
3.782847e-01
1.014450e-01
1.058543e-02
1.575728e-04
1.228360e-05
5.083211e-06
2.127160e-06
8.979325e-07
3.968382e-07
1.603860e-07
7.106341e-08
9.713639e-01
3.807934e-01
1.030876e-01
1.070944e-02
1.599715e-04
1.265055e-05
5.215435e-06
2.153077e-06
9.389173e-07
4.030859e-07
1.987440e-07
1.261631e-07
5.214216e-08
3.445158e-08
2.304706e-08
9.844230e-01
3.779061e-01
1.053025e-01
1.067718e-02
1.606189e-04
1.305530e-05
5.412234e-06
2.220217e-06
9.494715e-07
3.967671e-07
1.831284e-07
7.683532e-08
9.779233e-01
3.896439e-01
1.052597e-01
1.091690e-02
1.650880e-04
1.346560e-05
5.598737e-06
2.314636e-06
9.960291e-07
4.134338e-07
1.686948e-07
1.035637e-07
9.872566e-01
3.939485e-01
1.079725e-01
1.109576e-02
1.655326e-04
1.390936e-05
5.752535e-06
2.441548e-06
1.063556e-06
5.543619e-07
2.104970e-07
9.271478e-08
1.004965e+00
3.993045e-01
1.069095e-01
1.123108e-02
1.754267e-04
1.439018e-05
5.933543e-06
2.448035e-06
1.032701e-06
4.168448e-07
1.792702e-07
1.072642e-07
9.870358e-08
8.095149e-08
7.513496e-08
1.022181e+00
4.040586e-01
1.093257e-01
1.132645e-02
1.731876e-04
1.490339e-05
6.144364e-06
2.538288e-06
1.068331e-06
5.237828e-07
1.877946e-07
1.031481e-07
6.640030e-08
1.550826e-08
5.499876e-09
1.033833e+00
4.111174e-01
1.103715e-01
1.140234e-02
1.772790e-04
1.544414e-05
6.367028e-06
2.655702e-06
1.128344e-06
4.822355e-07
2.600897e-07
1.164203e-07
4.834169e-08
3.839472e-08
1.971224e-08
1.043166e+00
4.131481e-01
1.120889e-01
1.137438e-02
1.815365e-04
1.603702e-05
6.610209e-06
2.735150e-06
1.153457e-06
5.484862e-07
2.436604e-07
9.137673e-08
4.034992e-08
3.651384e-08
1.044233e+00
4.178147e-01
1.119802e-01
1.158359e-02
1.788281e-04
1.666853e-05
6.877905e-06
2.839856e-06
1.170870e-06
4.984389e-07
2.100337e-07
1.167455e-07
5.428487e-08
1.047995e+00
4.154756e-01
1.122843e-01
1.156433e-02
1.801613e-04
1.736834e-05
7.158656e-06
2.975526e-06
1.221747e-06
5.238680e-07
2.455713e-07
1.337679e-07
3.865077e-08
1.568481e-08
1.049900e+00
4.114678e-01
1.128264e-01
1.155769e-02
1.815834e-04
1.813427e-05
7.506598e-06
3.136720e-06
1.275324e-06
5.441180e-07
2.483590e-07
1.054282e-07
3.709501e-08
1.041808e+00
4.161054e-01
1.114400e-01
1.166004e-02
1.852148e-04
1.896368e-05
7.820956e-06
3.256923e-06
1.347551e-06
5.533387e-07
2.269801e-07
1.051488e-07
1.042957e-07
1.044549e+00
4.122493e-01
1.101284e-01
1.150041e-02
1.873530e-04
1.991456e-05
8.219802e-06
3.390996e-06
1.400872e-06
5.846805e-07
2.616346e-07
1.234857e-07
7.219456e-08
5.381607e-08
7.542394e-09
1.038581e+00
4.127193e-01
1.110300e-01
1.161653e-02
2.003979e-04
2.102640e-05
8.672344e-06
3.578199e-06
1.477356e-06
6.538278e-07
2.875849e-07
1.218784e-07
5.713677e-08
1.035432e+00
4.132933e-01
1.107505e-01
1.156730e-02
1.943729e-04
2.232200e-05
9.210808e-06
3.812466e-06
1.569225e-06
6.621158e-07
3.682377e-07
1.885248e-07
4.616616e-08
1.040166e+00
4.112257e-01
1.100544e-01
1.157653e-02
1.996608e-04
2.393089e-05
9.883876e-06
4.098784e-06
1.686330e-06
7.238614e-07
3.489506e-07
1.655957e-07
5.477821e-08
1.043726e+00
4.113633e-01
1.111110e-01
1.169280e-02
2.077572e-04
2.599001e-05
1.072437e-05
4.429299e-06
1.828579e-06
7.677923e-07
3.315854e-07
1.748637e-07
8.018006e-08
2.716319e-08
1.042359e-08
1.050598e+00
4.153971e-01
1.113700e-01
1.159230e-02
2.198454e-04
2.871552e-05
1.185356e-05
4.902714e-06
2.024587e-06
8.369350e-07
3.710077e-07
1.595682e-07
8.912960e-08
6.410251e-08
3.422887e-08
1.067873e+00
4.223299e-01
1.121245e-01
1.218419e-02
2.316839e-04
3.239822e-05
1.338343e-05
5.539938e-06
2.286584e-06
9.451392e-07
4.093413e-07
1.662371e-07
1.156384e-07
4.230937e-08
1.101840e+00
4.292167e-01
1.164598e-01
1.227534e-02
2.512912e-04
3.740413e-05
1.545535e-05
6.392425e-06
2.647056e-06
1.094649e-06
4.634895e-07
1.869987e-07
8.133952e-08
3.328376e-08
1.943137e-08
1.148451e+00
4.475553e-01
1.202227e-01
1.266530e-02
2.802272e-04
4.408296e-05
1.822673e-05
7.548415e-06
3.125035e-06
1.293835e-06
5.357583e-07
2.353684e-07
1.305680e-07
5.076058e-08
1.220624e+00
4.695211e-01
1.251156e-01
1.328171e-02
3.105976e-04
5.263012e-05
2.178847e-05
9.040776e-06
3.763011e-06
1.565018e-06
6.545934e-07
2.877504e-07
1.464074e-07
5.998272e-08
1.923266e-08
1.318899e+00
4.976978e-01
1.309036e-01
1.382439e-02
3.501955e-04
6.291919e-05
2.612166e-05
1.086977e-05
4.530927e-06
1.892389e-06
8.051884e-07
3.300575e-07
1.538941e-07
7.529263e-08
3.970435e-08
2.367145e-08
1.435604e+00
5.324445e-01
1.379739e-01
1.452796e-02
3.943160e-04
7.461005e-05
3.107766e-05
1.297162e-05
5.413429e-06
2.259542e-06
9.584860e-07
4.215021e-07
2.073168e-07
9.168683e-08
3.103256e-08
1.568069e+00
5.675569e-01
1.457828e-01
1.529779e-02
4.415487e-04
8.712625e-05
3.645653e-05
1.528906e-05
6.406594e-06
2.687213e-06
1.139259e-06
4.792103e-07
1.984204e-07
8.866380e-08
4.465676e-08
2.819556e-08
2.110456e-08
1.695879e+00
6.058484e-01
1.535323e-01
1.617979e-02
4.935956e-04
1.000296e-04
4.208282e-05
1.774544e-05
7.478222e-06
3.152041e-06
1.327845e-06
5.606907e-07
2.660626e-07
1.077502e-07
8.697041e-08
3.813844e-08
1.679549e-08
1.816440e+00
6.399983e-01
1.613039e-01
1.688904e-02
5.397279e-04
1.130560e-04
4.786838e-05
2.031092e-05
8.612439e-06
3.662832e-06
1.550902e-06
6.598705e-07
2.930927e-07
1.221137e-07
6.543178e-08
2.677768e-08
2.545189e-08
1.912951e+00
6.750021e-01
1.696142e-01
1.773216e-02
5.917376e-04
1.262479e-04
5.383083e-05
2.300510e-05
9.826408e-06
4.202864e-06
1.791460e-06
7.663332e-07
3.313531e-07
1.517871e-07
5.963485e-08
4.147401e-08
1.995250e+00
7.074494e-01
1.775005e-01
1.859369e-02
6.465648e-04
1.396214e-04
6.000537e-05
2.584611e-05
1.112556e-05
4.789036e-06
2.059769e-06
8.962719e-07
3.831163e-07
1.641581e-07
7.305552e-08
3.920810e-08
2.851147e-08
2.405372e-08
2.063303e+00
7.289016e-01
1.852659e-01
1.952934e-02
7.029994e-04
1.535310e-04
6.651694e-05
2.889086e-05
1.254183e-05
5.443353e-06
2.362324e-06
1.025171e-06
4.461373e-07
1.951229e-07
9.368701e-08
4.096437e-08
2.120072e-08
1.204705e-08
2.109617e+00
7.536690e-01
1.922441e-01
2.051267e-02
7.632007e-04
1.680344e-04
7.348981e-05
3.220367e-05
1.410780e-05
6.177605e-06
2.706118e-06
1.184201e-06
5.182497e-07
2.301004e-07
1.040828e-07
4.382075e-08
3.696947e-08
2.067158e-08
2.149910e+00
7.703652e-01
1.987094e-01
2.130950e-02
8.259686e-04
1.835941e-04
8.106284e-05
3.585868e-05
1.585771e-05
7.008676e-06
3.099910e-06
1.369267e-06
6.047263e-07
2.672519e-07
1.284923e-07
5.273511e-08
4.387088e-08
2.473633e-08
2.174465e+00
7.860661e-01
2.045550e-01
2.209894e-02
8.945575e-04
2.004877e-04
8.939529e-05
3.993373e-05
1.783231e-05
7.959343e-06
3.557171e-06
1.586435e-06
7.077810e-07
3.246068e-07
1.485951e-07
6.840155e-08
3.097883e-08
1.741446e-08
2.191114e+00
7.993688e-01
2.103032e-01
2.298528e-02
9.609102e-04
2.189528e-04
9.866664e-05
4.452997e-05
2.009139e-05
9.058527e-06
4.087128e-06
1.844815e-06
8.304380e-07
3.745136e-07
1.703511e-07
8.048751e-08
4.802071e-08
1.978969e-08
2.201836e+00
8.106279e-01
2.151870e-01
2.370051e-02
1.032541e-03
2.395442e-04
1.090933e-04
4.977126e-05
2.269158e-05
1.034582e-05
4.716209e-06
2.149115e-06
9.798184e-07
4.460155e-07
2.037975e-07
9.323825e-08
4.282463e-08
2.797743e-08
1.092443e-08
2.205415e+00
8.225874e-01
2.201059e-01
2.442565e-02
1.108074e-03
2.627144e-04
1.209978e-04
5.581592e-05
2.573621e-05
1.186215e-05
5.467115e-06
2.521137e-06
1.160688e-06
5.346002e-07
2.469854e-07
1.135194e-07
5.955902e-08
3.467035e-08
1.210183e-08
2.207450e+00
8.314199e-01
2.243101e-01
2.516365e-02
1.189064e-03
2.888641e-04
1.346076e-04
6.281439e-05
2.929848e-05
1.366132e-05
6.369415e-06
2.968924e-06
1.385146e-06
6.464548e-07
3.008238e-07
1.421427e-07
7.050310e-08
3.388543e-08
1.726426e-08
2.206056e+00
8.404633e-01
2.281553e-01
2.606675e-02
1.276780e-03
3.188165e-04
1.503813e-04
7.102254e-05
3.352766e-05
1.582174e-05
7.466562e-06
3.521630e-06
1.662540e-06
7.856391e-07
3.697772e-07
1.752804e-07
8.595150e-08
4.653567e-08
2.550898e-08
2.206516e+00
8.483926e-01
2.317477e-01
2.656066e-02
1.368104e-03
3.533101e-04
1.687859e-04
8.072136e-05
3.858312e-05
1.843770e-05
8.808188e-06
4.208780e-06
2.012294e-06
9.599136e-07
4.583844e-07
2.240939e-07
1.048267e-07
5.101539e-08
2.514432e-08
2.201233e+00
8.535509e-01
2.354481e-01
2.726788e-02
1.471436e-03
3.936946e-04
1.905614e-04
9.233329e-05
4.471363e-05
2.164702e-05
1.047759e-05
5.071677e-06
2.454602e-06
1.188269e-06
5.754208e-07
2.780092e-07
1.365424e-07
6.522017e-08
3.307819e-08
2.138574e-08
2.198904e+00
8.606910e-01
2.390615e-01
2.798231e-02
1.581585e-03
4.405344e-04
2.162097e-04
1.062022e-04
5.213460e-05
2.558736e-05
1.255440e-05
6.160182e-06
3.022015e-06
1.482770e-06
7.276473e-07
3.603073e-07
1.756732e-07
8.742160e-08
4.417084e-08
2.197867e-08
2.199050e+00
8.645535e-01
2.417082e-01
2.860119e-02
1.701726e-03
4.959078e-04
2.469559e-04
1.230534e-04
6.127759e-05
3.050505e-05
1.518607e-05
7.557487e-06
3.761377e-06
1.872186e-06
9.311084e-07
4.641862e-07
2.320178e-07
1.147532e-07
5.710594e-08
2.890161e-08
2.192374e+00
8.726495e-01
2.452035e-01
2.937543e-02
1.843094e-03
5.625013e-04
2.844062e-04
1.438652e-04
7.272913e-05
3.675575e-05
1.857374e-05
9.384130e-06
4.740304e-06
2.395309e-06
1.211095e-06
6.113533e-07
3.087212e-07
1.569333e-07
7.950166e-08
4.248844e-08
2.195574e+00
8.783090e-01
2.479771e-01
3.016348e-02
2.003118e-03
6.421254e-04
3.299331e-04
1.695720e-04
8.709896e-05
4.472289e-05
2.295936e-05
1.178704e-05
6.049643e-06
3.105715e-06
1.594336e-06
8.178938e-07
4.200091e-07
2.157334e-07
1.109647e-07
5.916012e-08
2.921611e-08
2.195514e+00
8.861688e-01
2.502916e-01
3.068902e-02
2.187114e-03
7.385862e-04
3.860300e-04
2.017787e-04
1.054018e-04
5.503981e-05
2.873564e-05
1.500230e-05
7.830770e-06
4.087416e-06
2.134476e-06
1.113931e-06
5.812387e-07
3.038527e-07
1.598897e-07
8.424570e-08
4.452134e-08
2.193175e+00
8.925813e-01
2.534146e-01
3.159876e-02
2.396474e-03
8.575029e-04
4.563444e-04
2.428504e-04
1.291493e-04
6.866107e-05
3.649434e-05
1.939469e-05
1.030747e-05
5.477304e-06
2.911260e-06
1.547587e-06
8.220116e-07
4.376970e-07
2.320196e-07
1.245424e-07
6.679123e-08
3.648959e-08
2.199083e+00
9.032053e-01
2.565122e-01
3.234314e-02
2.649751e-03
1.004828e-03
5.451985e-04
2.957497e-04
1.603247e-04
8.687962e-05
4.707066e-05
2.549964e-05
1.381347e-05
7.482600e-06
4.053098e-06
2.195462e-06
1.189083e-06
6.445693e-07
3.494059e-07
1.890400e-07
1.032817e-07
5.719184e-08
2.209456e+00
9.080776e-01
2.594273e-01
3.313603e-02
2.948225e-03
1.188514e-03
6.583727e-04
3.645614e-04
2.017301e-04
1.115851e-04
6.170911e-05
3.412338e-05
1.886707e-05
1.043229e-05
5.767853e-06
3.188491e-06
1.763551e-06
9.752304e-07
5.387104e-07
2.979691e-07
1.658356e-07
9.133135e-08
5.037964e-08
2.215734e+00
9.179612e-01
2.630033e-01
3.414019e-02
3.328189e-03
1.423133e-03
8.060321e-04
4.563062e-04
2.581480e-04
1.459852e-04
8.253951e-05
4.666027e-05
2.637659e-05
1.490895e-05
8.426925e-06
4.763989e-06
2.692120e-06
1.522533e-06
8.600071e-07
4.861350e-07
2.748797e-07
1.552615e-07
8.776042e-08
2.231153e+00
9.336384e-01
2.663772e-01
3.541207e-02
3.786085e-03
1.722884e-03
9.994346e-04
5.795684e-04
3.358224e-04
1.945088e-04
1.126339e-04
6.521393e-05
3.775509e-05
2.185734e-05
1.265329e-05
7.324455e-06
4.240195e-06
2.455512e-06
1.420861e-06
8.227949e-07
4.761485e-07
2.755624e-07
1.595434e-07
9.239679e-08
2.254936e+00
9.445118e-01
2.700485e-01
3.657397e-02
4.349561e-03
2.109430e-03
1.256138e-03
7.475029e-04
4.445140e-04
2.642288e-04
1.570247e-04
9.330342e-05
5.543579e-05
3.293487e-05
1.956693e-05
1.162422e-05
6.905495e-06
4.102502e-06
2.437018e-06
1.447894e-06
8.602494e-07
5.109632e-07
3.035061e-07
1.803282e-07
1.071255e-07
2.280970e+00
9.575309e-01
2.747014e-01
3.795646e-02
5.059491e-03
2.612435e-03
1.600171e-03
9.794238e-04
5.990734e-04
3.662798e-04
2.238908e-04
1.368354e-04
8.362146e-05
5.109880e-05
3.122400e-05
1.907985e-05
1.165807e-05
7.123410e-06
4.352441e-06
2.659747e-06
1.625221e-06
9.930907e-07
6.066973e-07
3.706512e-07
2.265151e-07
1.384108e-07
2.318447e+00
9.771809e-01
2.807900e-01
3.976153e-02
5.955708e-03
3.269329e-03
2.064773e-03
1.302994e-03
8.217408e-04
5.180316e-04
3.264905e-04
2.057403e-04
1.296356e-04
8.167813e-05
5.145989e-05
3.242035e-05
2.042534e-05
1.286804e-05
8.106746e-06
5.107221e-06
3.217695e-06
2.027036e-06
1.277108e-06
8.043970e-07
5.082456e-07
3.193029e-07
2.011748e-07
2.366339e+00
9.979133e-01
2.860719e-01
4.169767e-02
7.043270e-03
4.116782e-03
2.686923e-03
1.752505e-03
1.142394e-03
7.444157e-04
4.849704e-04
3.159001e-04
2.057516e-04
1.340014e-04
8.726821e-05
5.683243e-05
3.701060e-05
2.410162e-05
1.569565e-05
1.022072e-05
6.656150e-06
4.334189e-06
2.822697e-06
1.838000e-06
1.196867e-06
7.794840e-07
5.077699e-07
3.305668e-07
2.166411e-07
2.424201e+00
1.016197e+00
2.928708e-01
4.396892e-02
8.355297e-03
5.196338e-03
3.513211e-03
2.373925e-03
1.603349e-03
1.082577e-03
7.308083e-04
4.932776e-04
3.329209e-04
2.246810e-04
1.516260e-04
1.023223e-04
6.904919e-05
4.659543e-05
3.144282e-05
2.121796e-05
1.431765e-05
9.661651e-06
6.519745e-06
4.399376e-06
2.968954e-06
2.003209e-06
1.351799e-06
9.123417e-07
6.155243e-07
4.153646e-07
