1.269448e+03
9.942516e+02
7.564877e+02
5.520712e+02
3.773438e+02
2.497706e+02
1.728935e+02
1.347629e+02
1.114717e+02
9.169096e+01
7.259568e+01
5.496788e+01
4.030604e+01
2.723009e+01
1.709074e+01
9.403761e+00
4.256132e+00
1.671623e+00
4.558196e-01
3.802361e-02
5.662463e-04
2.355456e-07
2.000802e+02
2.347584e+02
2.706816e+02
3.015590e+02
3.161408e+02
3.194889e+02
3.092412e+02
2.961168e+02
2.791478e+02
2.652794e+02
2.468740e+02
2.325111e+02
2.162577e+02
2.016877e+02
1.873610e+02
1.729654e+02
1.582978e+02
1.457780e+02
1.326631e+02
1.203783e+02
1.089459e+02
9.797436e+01
8.671413e+01
7.690591e+01
6.747486e+01
5.880394e+01
5.000234e+01
4.223840e+01
3.503870e+01
2.825453e+01
2.226385e+01
1.659369e+01
1.184888e+01
8.001149e+00
4.918430e+00
2.568364e+00
1.172974e+00
5.081998e-01
3.491106e-01
3.306466e-01
3.255720e-01
3.204334e-01
3.150842e-01
3.096099e-01
3.039905e-01
2.982510e-01
2.924879e-01
2.866434e-01
2.807151e-01
2.748272e-01
2.689049e-01
2.629015e-01
2.569746e-01
2.510670e-01
2.450625e-01
2.391341e-01
2.332962e-01
2.273544e-01
2.214357e-01
2.156800e-01
2.098660e-01
2.039772e-01
1.982668e-01
1.926240e-01
1.868319e-01
1.811135e-01
1.756061e-01
1.700153e-01
1.643098e-01
1.588106e-01
1.534510e-01
1.479088e-01
1.423438e-01
1.370534e-01
1.318064e-01
1.263361e-01
1.209265e-01
1.158171e-01
1.106796e-01
1.053016e-01
1.000320e-01
9.508042e-02
9.007095e-02
8.479992e-02
7.964105e-02
7.482962e-02
6.998325e-02
6.484565e-02
5.977565e-02
5.509438e-02
5.047334e-02
4.555168e-02
4.061067e-02
3.609614e-02
3.184123e-02
2.737135e-02
2.278770e-02
1.863495e-02
1.506145e-02
1.155025e-02
7.802844e-03
4.247268e-03
1.688467e-03
4.702545e-04
1.016051e-04
1.975460e-05
3.734093e-06
7.031040e-07
1.325973e-07
2.618987e-08
5.159553e-09
3.554647e-09
9.068838e-10
2.801044e+22
7.098382e+21
2.236463e+21
8.942807e+20
3.211202e+20
1.157729e+20
4.198651e+19
1.626481e+19
5.877247e+18
2.115023e+18
7.709106e+17
2.984397e+17
1.074134e+17
3.865490e+16
1.428408e+16
5.454097e+15
1.963080e+15
7.065885e+14
2.733828e+14
9.967582e+13
3.587713e+13
1.296738e+13
5.007540e+12
1.822723e+12
6.556915e+11
2.369990e+11
9.169117e+10
3.331223e+10
1.203223e+10
4.331922e+09
1.675879e+09
6.088919e+08
2.199517e+08
7.920676e+07
3.081660e+07
1.114223e+07
4.026665e+06
1.450800e+06
5.671316e+05
2.058098e+05
7.443159e+04
2.717059e+04
1.066665e+04
3.934248e+03
1.460816e+03
5.671549e+02
2.547795e+02
1.031028e+02
4.559565e+01
1.529304e+01
5.460946e+00
1.076884e+00
2.058100e-01
8.939844e-03
5.820008e-05
1.840267e-08
9.279153e-10
3.089676e-10
1.108063e-10
3.581977e-10
4.959223e-10
3.902111e-10
2.065988e+00
8.283058e-01
2.306203e-01
2.442679e-02
4.639299e-04
3.335281e-05
6.336530e-06
1.202851e-06
2.285513e-07
4.369665e-08
8.521094e-09
2.076130e+00
8.298005e-01
2.306846e-01
2.449604e-02
4.672000e-04
3.398418e-05
6.494015e-06
1.239636e-06
2.366535e-07
4.575019e-08
9.587001e-09
2.081089e+00
8.351700e-01
2.314181e-01
2.459541e-02
4.708277e-04
3.463588e-05
6.656720e-06
1.278384e-06
2.453783e-07
4.746064e-08
9.869689e-09
2.093006e+00
8.363540e-01
2.323609e-01
2.466769e-02
4.743894e-04
3.530998e-05
6.826944e-06
1.318604e-06
2.545633e-07
4.918667e-08
9.865164e-09
2.102859e+00
8.358190e-01
2.329191e-01
2.474901e-02
4.783433e-04
3.600718e-05
7.003213e-06
1.360786e-06
2.647715e-07
5.197758e-08
1.018817e-08
2.164370e-09
2.110552e+00
8.424537e-01
2.332421e-01
2.484282e-02
4.818806e-04
3.672877e-05
7.186823e-06
1.405104e-06
2.750887e-07
5.421436e-08
1.120701e-08
2.597362e-09
2.121593e+00
8.440138e-01
2.338754e-01
2.493398e-02
4.857205e-04
3.747605e-05
7.378328e-06
1.451362e-06
2.852958e-07
5.643203e-08
1.130481e-08
3.021839e-09
2.130280e+00
8.487349e-01
2.348976e-01
2.502785e-02
4.898108e-04
3.825042e-05
7.577582e-06
1.500107e-06
2.965447e-07
5.891878e-08
1.163933e-08
2.701013e-09
2.145589e+00
8.499155e-01
2.346141e-01
2.512184e-02
4.937729e-04
3.905332e-05
7.785943e-06
1.550561e-06
3.085836e-07
6.216900e-08
1.289828e-08
2.564841e-09
2.152530e+00
8.560550e-01
2.364185e-01
2.521400e-02
4.980473e-04
3.988673e-05
8.002671e-06
1.604102e-06
3.220224e-07
6.499266e-08
1.336980e-08
2.841391e-09
2.166145e+00
8.593927e-01
2.372021e-01
2.532132e-02
5.030239e-04
4.075148e-05
8.228419e-06
1.659719e-06
3.348419e-07
6.749926e-08
1.397041e-08
2.915210e-09
2.179639e+00
8.598175e-01
2.379560e-01
2.540979e-02
5.068067e-04
4.165029e-05
8.465919e-06
1.718498e-06
3.487469e-07
7.095477e-08
1.453087e-08
3.588157e-09
2.193401e+00
8.653223e-01
2.389591e-01
2.551360e-02
5.113925e-04
4.258495e-05
8.712637e-06
1.780484e-06
3.639941e-07
7.423036e-08
1.548146e-08
3.423303e-09
2.206909e+00
8.683583e-01
2.396150e-01
2.560984e-02
5.160367e-04
4.355763e-05
8.972589e-06
1.845347e-06
3.797436e-07
7.811200e-08
1.675241e-08
4.377923e-09
2.220407e+00
8.749340e-01
2.408295e-01
2.572624e-02
5.209959e-04
4.457076e-05
9.243369e-06
1.914698e-06
3.962012e-07
8.246122e-08
1.729367e-08
4.087318e-09
2.237052e+00
8.797099e-01
2.417940e-01
2.583971e-02
5.260505e-04
4.562692e-05
9.528841e-06
1.986814e-06
4.139895e-07
8.645658e-08
1.820155e-08
3.783843e-09
2.254311e+00
8.851122e-01
2.431108e-01
2.595335e-02
5.312697e-04
4.672916e-05
9.827667e-06
2.063652e-06
4.330292e-07
9.095893e-08
1.974256e-08
5.351523e-09
2.272033e+00
8.912780e-01
2.437983e-01
2.607822e-02
5.366520e-04
4.788020e-05
1.014249e-05
2.144521e-06
4.535745e-07
9.641831e-08
2.052589e-08
4.631660e-09
2.290566e+00
8.972861e-01
2.454014e-01
2.621784e-02
5.425445e-04
4.908342e-05
1.047332e-05
2.231760e-06
4.750266e-07
1.016298e-07
2.192707e-08
5.159364e-09
2.310480e+00
9.060350e-01
2.469145e-01
2.634068e-02
5.480932e-04
5.034239e-05
1.082083e-05
2.321779e-06
4.978669e-07
1.071942e-07
2.331834e-08
5.315975e-09
2.333294e+00
9.111860e-01
2.484855e-01
2.648411e-02
5.541093e-04
5.166183e-05
1.118804e-05
2.418437e-06
5.235558e-07
1.134464e-07
2.468550e-08
5.922534e-09
2.358019e+00
9.194676e-01
2.499702e-01
2.662777e-02
5.603951e-04
5.304620e-05
1.157643e-05
2.521946e-06
5.488014e-07
1.196272e-07
2.706044e-08
6.435280e-09
2.381434e+00
9.308197e-01
2.517237e-01
2.680772e-02
5.669925e-04
5.449863e-05
1.198627e-05
2.631210e-06
5.778821e-07
1.277487e-07
2.805279e-08
6.661664e-09
2.411889e+00
9.379877e-01
2.522526e-01
2.697677e-02
5.738441e-04
5.602716e-05
1.242038e-05
2.748094e-06
6.076972e-07
1.346191e-07
2.988082e-08
7.832012e-09
2.440501e+00
9.513199e-01
2.566536e-01
2.718695e-02
5.810867e-04
5.763506e-05
1.288034e-05
2.872487e-06
6.405205e-07
1.433472e-07
3.333634e-08
7.615197e-09
2.476864e+00
9.630369e-01
2.571134e-01
2.735008e-02
5.884887e-04
5.933090e-05
1.336907e-05
3.005739e-06
6.764537e-07
1.519223e-07
3.519604e-08
8.606494e-09
2.509941e+00
9.797902e-01
2.607786e-01
2.761898e-02
5.966000e-04
6.111945e-05
1.388877e-05
3.149374e-06
7.145038e-07
1.624518e-07
3.689274e-08
9.109358e-09
2.553617e+00
9.970124e-01
2.640037e-01
2.783689e-02
6.050063e-04
6.300744e-05
1.444087e-05
3.303242e-06
7.551658e-07
1.724399e-07
4.037809e-08
1.003632e-08
2.861701e-09
2.602848e+00
1.019165e+00
2.671920e-01
2.810868e-02
6.135451e-04
6.500143e-05
1.502959e-05
3.467804e-06
7.996036e-07
1.842768e-07
4.275094e-08
1.043669e-08
2.660940e-09
2.657421e+00
1.047637e+00
2.755815e-01
2.856806e-02
6.233180e-04
6.710516e-05
1.565602e-05
3.644565e-06
8.474727e-07
1.975329e-07
4.623462e-08
1.082347e-08
3.009688e-09
2.735647e+00
1.086083e+00
2.839023e-01
2.921870e-02
6.346467e-04
6.931429e-05
1.632142e-05
3.833352e-06
9.002476e-07
2.125345e-07
5.091936e-08
1.250609e-08
2.896135e-09
2.848978e+00
1.132315e+00
2.960755e-01
3.018777e-02
6.506634e-04
7.161989e-05
1.702547e-05
4.036369e-06
9.563650e-07
2.265856e-07
5.438867e-08
1.306460e-08
4.159542e-09
3.003432e+00
1.206724e+00
3.145051e-01
3.188036e-02
6.722139e-04
7.398803e-05
1.775848e-05
4.251004e-06
1.016873e-06
2.441254e-07
5.961862e-08
1.409407e-08
4.153137e-09
3.221434e+00
1.303939e+00
3.436145e-01
3.419251e-02
7.049978e-04
7.634494e-05
1.850797e-05
4.475106e-06
1.082324e-06
2.618833e-07
6.370073e-08
1.789500e-08
4.885402e-09
3.508462e+00
1.450770e+00
3.913130e-01
3.841772e-02
7.510547e-04
7.855323e-05
1.923750e-05
4.698509e-06
1.146670e-06
2.804842e-07
6.843775e-08
1.795323e-08
4.358296e-09
3.919455e+00
1.653004e+00
4.475340e-01
4.430925e-02
8.679975e-04
8.039802e-05
1.989188e-05
4.908545e-06
1.210090e-06
2.982960e-07
7.550491e-08
1.907159e-08
5.583933e-09
4.444800e+00
1.932018e+00
5.168205e-01
5.271766e-02
9.505911e-04
8.157339e-05
2.039474e-05
5.086768e-06
1.267529e-06
3.159793e-07
7.864544e-08
2.083942e-08
5.208864e-09
5.092231e+00
2.228995e+00
6.155429e-01
5.962712e-02
1.012988e-03
8.197058e-05
2.072162e-05
5.225350e-06
1.315600e-06
3.338822e-07
8.427533e-08
2.253532e-08
5.534422e-09
5.736659e+00
2.566595e+00
7.071365e-01
7.066599e-02
1.249107e-03
8.243150e-05
2.106190e-05
5.369479e-06
1.371254e-06
3.476450e-07
9.009003e-08
2.777799e-08
6.246857e-09
6.349413e+00
2.874147e+00
7.930996e-01
8.354202e-02
1.473839e-03
8.509258e-05
2.196727e-05
5.667779e-06
1.461846e-06
3.766639e-07
9.639190e-08
2.888176e-08
8.231090e-09
6.905344e+00
3.143001e+00
8.762230e-01
8.992631e-02
1.582620e-03
9.264159e-05
2.422428e-05
6.329378e-06
1.647900e-06
4.346698e-07
1.107635e-07
2.996698e-08
1.107828e-08
6.134368e-09
7.320867e+00
3.394620e+00
9.767473e-01
9.849466e-02
1.977604e-03
1.074267e-04
2.842792e-05
7.525165e-06
1.988777e-06
5.246785e-07
1.417440e-07
3.571107e-08
1.122819e-08
6.923766e-09
7.701592e+00
3.601889e+00
1.044603e+00
1.103121e-01
2.118319e-03
1.306452e-04
3.518418e-05
9.448879e-06
2.534152e-06
6.746274e-07
1.863579e-07
4.705563e-08
1.234089e-08
4.446135e-09
7.996547e+00
3.766051e+00
1.098401e+00
1.180257e-01
2.460976e-03
1.691912e-04
4.645610e-05
1.267293e-05
3.450981e-06
9.406641e-07
2.583272e-07
6.976008e-08
1.734257e-08
1.360172e-08
5.414143e-09
8.236365e+00
3.876868e+00
1.127751e+00
1.215607e-01
2.639576e-03
2.402843e-04
6.723798e-05
1.868396e-05
5.186737e-06
1.433409e-06
3.958538e-07
1.104958e-07
2.772070e-08
1.593522e-08
2.901264e-09
8.361190e+00
3.945696e+00
1.155933e+00
1.250036e-01
3.174788e-03
3.791514e-04
1.087507e-04
3.089109e-05
8.741329e-06
2.482009e-06
6.996212e-07
1.939490e-07
5.660222e-08
1.791565e-08
4.098868e-09
8.412316e+00
3.987830e+00
1.171340e+00
1.233160e-01
3.781431e-03
6.624873e-04
1.953148e-04
5.697064e-05
1.656209e-05
4.816204e-06
1.389374e-06
4.075118e-07
1.196923e-07
3.651012e-08
8.472204e-09
8.467796e+00
3.979374e+00
1.147832e+00
1.233645e-01
5.458241e-03
1.238489e-03
3.779414e-04
1.141177e-04
3.433217e-05
1.031827e-05
3.106343e-06
9.302242e-07
2.822833e-07
8.522314e-08
2.270349e-08
7.698781e-09
8.469661e+00
3.900678e+00
1.116626e+00
1.271145e-01
8.607162e-03
2.379569e-03
7.615213e-04
2.409007e-04
7.591803e-05
2.389657e-05
7.520796e-06
2.367422e-06
7.448445e-07
2.280247e-07
8.066527e-08
2.070221e-08
6.132766e-09
8.390532e+00
3.783428e+00
1.061679e+00
1.344193e-01
1.444300e-02
4.627125e-03
1.576022e-03
5.312916e-04
1.781981e-04
5.971978e-05
2.000512e-05
6.701131e-06
2.243225e-06
7.506208e-07
2.541084e-07
8.523309e-08
2.380731e-08
1.353365e-08
3.618921e-09
8.269695e+00
3.597883e+00
9.904697e-01
1.416916e-01
2.460336e-02
8.814992e-03
3.252950e-03
1.192213e-03
4.340674e-04
1.578925e-04
5.739751e-05
2.086673e-05
7.578557e-06
2.756131e-06
1.004546e-06
3.618242e-07
1.340003e-07
4.464641e-08
1.985842e-08
6.131610e-09
7.991420e+00
3.401479e+00
9.268858e-01
1.575259e-01
3.995339e-02
1.628034e-02
6.654274e-03
2.693439e-03
1.085183e-03
4.360796e-04
1.752289e-04
7.039284e-05
2.827597e-05
1.135797e-05
4.559286e-06
1.831240e-06
7.344083e-07
2.987364e-07
1.199801e-07
4.890371e-08
1.851021e-08
8.748116e-09
7.603749e+00
3.176656e+00
8.811327e-01
1.839616e-01
6.233345e-02
2.885137e-02
1.311391e-02
5.943556e-03
2.678582e-03
1.205846e-03
5.424009e-04
2.438852e-04
1.096422e-04
4.928870e-05
2.215642e-05
9.957847e-06
4.479030e-06
2.009579e-06
9.052826e-07
4.084219e-07
1.834875e-07
8.008131e-08
3.896389e-08
1.499294e-08
7.121188e+00
2.967098e+00
8.326257e-01
2.137614e-01
9.107389e-02
4.741793e-02
2.413677e-02
1.229028e-02
6.216655e-03
3.148718e-03
1.589758e-03
8.028754e-04
4.053809e-04
2.046664e-04
1.033197e-04
5.215791e-05
2.633097e-05
1.329297e-05
6.709096e-06
3.386568e-06
1.711385e-06
8.651333e-07
4.319009e-07
2.188500e-07
1.120057e-07
5.471857e-08
3.551309e-08
6.613329e+00
2.675727e+00
7.982464e-01
2.421160e-01
1.215603e-01
6.955229e-02
3.961665e-02
2.249116e-02
1.268373e-02
7.150057e-03
4.037898e-03
2.276702e-03
1.282510e-03
7.216407e-04
4.063611e-04
2.288165e-04
1.288379e-04
7.254434e-05
4.084668e-05
2.300137e-05
1.294619e-05
7.289875e-06
4.107783e-06
2.314747e-06
1.301455e-06
7.329725e-07
4.118814e-07
2.327301e-07
1.310763e-07
7.401239e-08
6.022071e+00
2.389909e+00
7.288249e-01
2.589740e-01
1.446626e-01
9.110238e-02
5.632158e-02
3.499209e-02
2.168017e-02
1.338219e-02
8.286113e-03
5.122544e-03
3.168340e-03
1.959594e-03
1.213893e-03
7.506060e-04
4.640985e-04
2.870289e-04
1.775184e-04
1.097754e-04
6.787215e-05
4.203553e-05
2.592826e-05
1.609108e-05
9.943417e-06
6.153942e-06
3.803216e-06
2.350484e-06
1.447959e-06
8.948102e-07
5.541036e-07
3.518858e-07
2.146215e-07
5.381560e+00
2.065755e+00
6.487419e-01
2.520919e-01
1.543427e-01
1.029867e-01
6.888432e-02
4.564243e-02
3.036970e-02
2.028349e-02
1.347545e-02
8.958730e-03
5.965967e-03
3.973184e-03
2.644017e-03
1.759534e-03
1.171253e-03
7.796848e-04
5.190306e-04
3.455211e-04
2.300237e-04
1.531272e-04
1.019423e-04
6.782251e-05
4.519003e-05
3.008930e-05
2.002598e-05
1.333184e-05
8.865844e-06
5.927840e-06
3.915747e-06
2.635003e-06
1.736105e-06
1.156312e-06
7.775021e-07
5.103711e-07
3.431238e-07
4.760585e+00
1.725407e+00
5.401117e-01
2.272941e-01
1.482735e-01
1.028995e-01
7.187824e-02
5.016767e-02
3.515576e-02
2.463037e-02
1.727942e-02
1.208532e-02
8.479789e-03
5.942852e-03
4.172249e-03
2.924327e-03
2.051154e-03
1.438818e-03
1.009347e-03
7.080925e-04
4.967722e-04
3.485205e-04
2.445180e-04
1.715493e-04
1.203621e-04
8.443319e-05
5.924496e-05
4.117872e-05
2.941229e-05
2.053530e-05
1.437443e-05
1.007584e-05
7.097326e-06
4.977315e-06
3.626562e-06
2.283185e-06
1.720083e-06
1.254582e-06
8.325306e-07
5.474880e-07
4.239024e-07
4.142895e+00
1.413066e+00
4.305609e-01
1.939113e-01
1.314727e-01
9.463459e-02
6.801305e-02
4.913542e-02
3.551532e-02
2.564170e-02
1.854443e-02
1.344509e-02
9.746840e-03
7.073149e-03
5.132458e-03
3.717209e-03
2.695357e-03
1.954646e-03
1.418957e-03
1.028687e-03
7.461418e-04
5.412177e-04
3.927788e-04
2.849143e-04
2.066760e-04
1.499228e-04
1.087555e-04
7.889068e-05
5.723259e-05
4.156466e-05
3.013382e-05
2.183967e-05
1.587749e-05
1.151830e-05
8.343161e-06
6.054933e-06
4.373390e-06
3.087567e-06
2.389752e-06
1.671388e-06
1.277886e-06
8.533012e-07
6.410402e-07
3.597833e+00
1.120388e+00
3.394785e-01
1.620636e-01
1.092621e-01
8.036323e-02
5.872667e-02
4.326751e-02
3.185001e-02
2.343725e-02
1.728075e-02
1.275799e-02
9.409216e-03
6.935606e-03
5.118762e-03
3.782446e-03
2.789838e-03
2.060741e-03
1.520682e-03
1.122581e-03
8.296003e-04
6.121084e-04
4.519103e-04
3.336445e-04
2.463337e-04
1.818722e-04
1.342793e-04
9.914359e-05
7.319995e-05
5.404596e-05
3.990407e-05
2.945591e-05
2.177712e-05
1.620330e-05
1.170361e-05
8.592232e-06
6.626663e-06
4.766142e-06
3.532912e-06
2.597717e-06
2.010568e-06
1.376551e-06
9.645119e-07
8.355101e-07
3.109371e+00
8.919021e-01
2.792618e-01
1.334243e-01
9.063183e-02
6.722568e-02
4.963823e-02
3.669721e-02
2.724558e-02
2.017289e-02
1.496367e-02
1.108851e-02
8.224901e-03
6.110857e-03
4.529969e-03
3.361938e-03
2.495164e-03
1.854260e-03
1.375185e-03
1.020893e-03
7.575955e-04
5.624476e-04
4.175240e-04
3.099460e-04
2.300897e-04
1.708073e-04
1.268002e-04
9.413183e-05
6.988039e-05
5.187559e-05
3.851248e-05
2.858296e-05
2.096675e-05
1.590863e-05
1.202259e-05
8.475998e-06
6.441340e-06
4.810368e-06
3.565627e-06
2.627689e-06
1.984828e-06
1.429178e-06
1.091758e-06
8.053886e-07
2.708645e+00
7.219539e-01
2.442725e-01
1.118973e-01
7.485208e-02
5.523958e-02
4.090136e-02
3.033529e-02
2.248148e-02
1.663365e-02
1.228525e-02
9.088513e-03
6.722525e-03
4.974964e-03
3.679136e-03
2.721149e-03
2.012612e-03
1.488568e-03
1.100821e-03
8.142423e-04
6.022316e-04
4.456128e-04
3.295712e-04
2.437576e-04
1.802891e-04
1.333465e-04
9.862713e-05
7.294438e-05
5.395315e-05
3.990131e-05
2.950691e-05
2.183138e-05
1.616685e-05
1.197482e-05
8.745268e-06
6.551425e-06
4.828894e-06
3.600858e-06
2.605214e-06
1.972827e-06
1.448595e-06
1.081622e-06
7.852575e-07
2.375881e+00
6.344468e-01
2.237656e-01
9.664919e-02
6.328350e-02
4.672058e-02
3.436885e-02
2.516118e-02
1.848470e-02
1.357388e-02
9.936638e-03
7.281909e-03
5.338683e-03
3.911090e-03
2.863005e-03
2.096254e-03
1.534744e-03
1.123583e-03
8.225452e-04
6.021444e-04
4.407932e-04
3.226711e-04
2.362022e-04
1.729016e-04
1.265665e-04
9.265040e-05
6.781259e-05
4.964390e-05
3.634089e-05
2.660568e-05
1.948310e-05
1.424028e-05
1.046281e-05
7.546911e-06
5.653811e-06
4.074385e-06
3.005351e-06
2.225458e-06
1.580205e-06
1.194611e-06
8.681522e-07
5.836465e-07
2.127658e+00
6.018437e-01
2.145745e-01
8.576605e-02
5.490050e-02
3.992653e-02
2.898093e-02
2.095547e-02
1.516516e-02
1.097295e-02
7.925398e-03
5.719821e-03
4.130650e-03
2.981778e-03
2.151082e-03
1.551718e-03
1.119241e-03
8.077227e-04
5.823772e-04
4.199755e-04
3.030119e-04
2.184555e-04
1.575321e-04
1.135959e-04
8.191744e-05
5.906453e-05
4.258750e-05
3.071549e-05
2.213274e-05
1.594550e-05
1.154978e-05
8.092128e-06
1.977718e+00
6.309539e-01
2.182404e-01
7.726899e-02
4.764711e-02
3.419766e-02
2.441900e-02
1.739860e-02
1.235849e-02
8.760595e-03
6.219929e-03
4.415451e-03
3.132689e-03
2.219862e-03
1.572558e-03
1.114218e-03
7.885457e-04
5.588291e-04
3.958075e-04
2.803527e-04
1.985579e-04
1.406249e-04
9.959656e-05
7.053597e-05
4.994485e-05
3.535763e-05
2.506702e-05
1.773925e-05
1.256975e-05
8.657930e-06
6.615500e-06
4.380831e-06
3.127811e-06
2.247184e-06
1.595691e-06
1.172272e-06
7.882900e-07
5.642491e-07
1.968683e+00
7.146243e-01
2.306912e-01
7.134757e-02
4.157658e-02
2.905470e-02
2.034285e-02
1.423226e-02
9.922863e-03
6.910628e-03
4.811402e-03
3.343331e-03
2.325328e-03
1.615899e-03
1.122711e-03
7.799141e-04
5.417266e-04
3.762491e-04
2.613019e-04
1.814700e-04
1.260262e-04
8.751681e-05
6.074558e-05
4.222860e-05
2.950311e-05
2.019399e-05
1.410539e-05
9.762922e-06
6.860358e-06
4.742783e-06
3.305368e-06
2.255109e-06
1.602488e-06
1.136491e-06
7.201390e-07
5.714945e-07
2.157405e+00
8.383493e-01
2.497411e-01
6.524936e-02
3.601735e-02
2.466835e-02
1.689906e-02
1.158867e-02
7.907892e-03
5.402525e-03
3.679369e-03
2.507244e-03
1.707294e-03
1.163192e-03
7.919941e-04
5.391641e-04
3.670075e-04
2.498212e-04
1.700866e-04
1.157355e-04
7.878669e-05
5.358714e-05
3.650869e-05
2.482105e-05
1.691042e-05
1.151556e-05
7.802813e-06
5.392130e-06
3.615622e-06
2.426516e-06
1.712877e-06
1.157189e-06
7.725018e-07
5.354146e-07
3.552551e-07
2.551860e+00
9.984523e-01
2.730360e-01
5.971061e-02
3.067529e-02
2.053596e-02
1.384356e-02
9.275763e-03
6.217569e-03
4.161586e-03
2.781982e-03
1.858696e-03
1.240372e-03
8.283512e-04
5.529889e-04
3.690888e-04
2.463614e-04
1.644052e-04
1.097043e-04
7.324721e-05
4.887174e-05
3.259934e-05
2.247257e-05
1.567282e-05
9.469685e-06
5.570666e-06
5.563545e-06
3.613144e-06
1.571640e-06
1.185222e-06
7.697807e-07
4.291640e-07
3.052764e+00
1.149956e+00
2.904900e-01
5.644186e-02
2.618481e-02
1.715741e-02
1.129756e-02
7.447666e-03
4.892339e-03
3.211797e-03
2.107932e-03
1.382407e-03
9.063046e-04
5.940409e-04
3.893110e-04
2.551186e-04
1.671703e-04
1.096136e-04
7.174275e-05
4.702801e-05
3.082797e-05
2.019483e-05
1.318492e-05
8.733782e-06
5.661647e-06
3.713625e-06
2.513727e-06
1.630021e-06
1.092666e-06
6.489488e-07
2.786819e-07
3.507258e+00
1.241062e+00
2.864397e-01
4.849607e-02
2.161662e-02
1.381851e-02
8.976905e-03
5.810873e-03
3.755695e-03
2.423039e-03
1.563833e-03
1.008674e-03
6.504081e-04
4.193288e-04
2.701208e-04
1.742110e-04
1.122794e-04
7.236877e-05
4.664211e-05
3.004703e-05
1.938213e-05
1.247918e-05
8.038325e-06
5.212282e-06
3.295227e-06
2.201584e-06
1.397176e-06
8.969207e-07
5.210259e-07
4.295615e-07
2.183138e-07
3.744299e+00
1.264912e+00
2.954733e-01
4.682338e-02
1.810720e-02
1.141726e-02
7.285953e-03
4.646783e-03
2.955944e-03
1.882319e-03
1.197151e-03
7.611192e-04
4.838083e-04
3.074735e-04
1.954015e-04
1.241716e-04
7.889073e-05
5.014707e-05
3.185382e-05
2.029307e-05
1.281221e-05
8.167561e-06
5.198116e-06
3.311494e-06
2.066592e-06
1.356798e-06
8.541114e-07
5.111368e-07
3.538328e-07
2.104767e-07
3.818218e+00
1.224248e+00
2.936997e-01
4.661296e-02
1.562177e-02
9.602648e-03
6.050718e-03
3.812745e-03
2.395851e-03
1.506351e-03
9.463366e-04
5.943453e-04
3.732059e-04
2.343153e-04
1.471128e-04
9.236116e-05
5.797115e-05
3.639757e-05
2.284925e-05
1.431487e-05
9.005531e-06
5.681569e-06
3.534098e-06
2.228501e-06
1.419638e-06
8.423585e-07
5.703090e-07
3.266274e-07
2.260417e-07
3.722012e+00
1.180001e+00
2.991603e-01
4.904183e-02
1.369264e-02
8.282421e-03
5.172850e-03
3.222652e-03
2.005660e-03
1.247420e-03
7.755218e-04
4.820188e-04
2.995454e-04
1.861252e-04
1.156649e-04
7.185058e-05
4.463297e-05
2.775061e-05
1.722546e-05
1.070425e-05
6.657857e-06
4.135264e-06
2.560281e-06
1.608850e-06
9.801938e-07
6.199768e-07
3.785042e-07
2.328443e-07
1.577807e-07
3.541754e+00
1.155347e+00
3.136433e-01
5.334490e-02
1.255990e-02
7.423363e-03
4.591689e-03
2.835298e-03
1.748595e-03
1.077725e-03
6.640040e-04
4.090100e-04
2.519006e-04
1.551227e-04
9.552462e-05
5.883498e-05
3.620292e-05
2.230980e-05
1.374113e-05
8.448050e-06
5.206439e-06
3.207850e-06
1.979783e-06
1.205461e-06
7.516065e-07
4.682927e-07
2.793171e-07
1.750423e-07
3.343261e+00
1.145136e+00
3.308152e-01
5.766802e-02
1.185191e-02
6.866307e-03
4.218309e-03
2.579214e-03
1.578244e-03
9.650133e-04
5.898330e-04
3.604319e-04
2.202121e-04
1.345696e-04
8.219531e-05
5.021216e-05
3.068553e-05
1.871773e-05
1.145220e-05
7.007289e-06
4.276087e-06
2.603307e-06
1.598426e-06
9.723282e-07
5.989784e-07
3.613323e-07
2.141127e-07
1.481323e-07
3.152139e+00
1.147442e+00
3.504220e-01
6.290464e-02
1.151446e-02
6.484278e-03
3.959231e-03
2.404974e-03
1.461179e-03
8.869667e-04
5.382085e-04
3.265261e-04
1.980745e-04
1.201479e-04
7.286959e-05
4.419379e-05
2.680358e-05
1.626329e-05
9.855545e-06
5.984516e-06
3.632228e-06
2.189580e-06
1.327924e-06
8.267899e-07
5.042532e-07
2.882787e-07
1.601696e-07
2.984451e+00
1.156533e+00
3.693886e-01
6.759899e-02
1.141797e-02
6.269827e-03
3.803658e-03
2.296566e-03
1.384940e-03
8.352101e-04
5.034155e-04
3.033749e-04
1.827813e-04
1.101383e-04
6.635312e-05
3.997609e-05
2.408719e-05
1.450127e-05
8.739987e-06
5.271962e-06
3.172921e-06
1.907818e-06
1.157220e-06
6.899959e-07
4.171688e-07
2.501734e-07
1.561300e-07
2.839957e+00
1.169205e+00
3.846239e-01
7.240921e-02
1.154557e-02
6.148459e-03
3.708745e-03
2.224501e-03
1.333436e-03
7.988380e-04
4.784265e-04
2.864693e-04
1.715058e-04
1.026779e-04
6.146876e-05
3.679348e-05
2.202596e-05
1.318445e-05
7.885216e-06
4.730567e-06
2.829273e-06
1.691709e-06
1.015032e-06
6.080909e-07
3.557297e-07
2.213747e-07
1.289456e-07
2.718419e+00
1.184327e+00
3.982832e-01
7.720121e-02
1.164722e-02
6.083256e-03
3.648330e-03
2.175357e-03
1.295893e-03
7.715417e-04
4.592101e-04
2.732533e-04
1.625826e-04
9.673251e-05
5.755629e-05
3.423077e-05
2.036861e-05
1.212167e-05
7.202109e-06
4.291838e-06
2.544525e-06
1.523326e-06
8.979842e-07
5.422719e-07
3.178695e-07
1.893940e-07
1.084447e-07
2.615584e+00
1.197452e+00
4.107353e-01
8.050413e-02
1.193753e-02
6.086176e-03
3.624630e-03
2.148998e-03
1.272367e-03
7.529019e-04
4.453575e-04
2.634040e-04
1.557625e-04
9.209649e-05
5.445629e-05
3.219821e-05
1.903879e-05
1.125936e-05
6.654752e-06
3.936663e-06
2.326073e-06
1.376179e-06
8.102528e-07
4.845541e-07
2.812790e-07
1.744867e-07
9.371707e-08
2.531647e+00
1.212136e+00
4.197329e-01
8.396770e-02
1.222739e-02
6.104439e-03
3.621827e-03
2.129663e-03
1.254184e-03
7.375768e-04
4.336225e-04
2.548757e-04
1.497990e-04
8.802701e-05
5.172887e-05
3.039855e-05
1.786530e-05
1.049578e-05
6.169070e-06
3.624070e-06
2.128978e-06
1.250445e-06
7.427296e-07
4.261589e-07
2.552622e-07
1.494113e-07
8.711119e-08
2.461935e+00
1.227167e+00
4.260657e-01
8.664919e-02
1.258304e-02
6.162468e-03
3.634559e-03
2.125796e-03
1.242756e-03
7.262455e-04
4.243231e-04
2.477076e-04
1.446938e-04
8.450729e-05
4.935028e-05
2.881688e-05
1.682703e-05
9.829606e-06
5.738475e-06
3.349982e-06
1.958378e-06
1.142885e-06
6.676893e-07
3.893665e-07
2.280233e-07
1.334691e-07
2.406618e+00
1.235952e+00
4.339300e-01
8.922444e-02
1.278553e-02
6.196573e-03
3.634652e-03
2.113259e-03
1.227933e-03
7.130558e-04
4.139276e-04
2.402323e-04
1.394066e-04
8.085121e-05
4.692653e-05
2.722782e-05
1.579854e-05
9.167320e-06
5.319617e-06
3.088049e-06
1.789835e-06
1.039632e-06
6.041460e-07
3.455560e-07
2.054331e-07
1.157695e-07
2.362384e+00
1.243967e+00
4.395010e-01
9.036410e-02
1.322123e-02
6.239280e-03
3.633111e-03
2.097414e-03
1.211438e-03
6.988237e-04
4.029855e-04
2.323376e-04
1.339369e-04
7.719915e-05
4.450196e-05
2.564998e-05
1.478381e-05
8.521992e-06
4.909972e-06
2.829223e-06
1.633141e-06
9.419656e-07
5.402535e-07
3.133883e-07
1.825319e-07
1.017489e-07
2.325768e+00
1.256201e+00
4.423008e-01
9.196351e-02
1.359783e-02
6.331218e-03
3.655535e-03
2.099147e-03
1.202898e-03
6.891565e-04
3.946714e-04
2.259805e-04
1.293720e-04
7.405636e-05
4.239595e-05
2.426935e-05
1.389306e-05
7.951677e-06
4.552124e-06
2.603771e-06
1.492063e-06
8.529814e-07
4.904473e-07
2.786278e-07
1.589306e-07
9.329474e-08
2.304179e+00
1.260640e+00
4.451374e-01
9.349930e-02
1.396723e-02
6.390173e-03
3.678753e-03
2.095175e-03
1.192281e-03
6.781145e-04
3.855663e-04
2.191697e-04
1.245752e-04
7.080096e-05
4.023845e-05
2.286611e-05
1.299778e-05
7.384221e-06
4.196200e-06
2.385596e-06
1.355308e-06
7.694715e-07
4.368195e-07
2.494369e-07
1.396321e-07
8.290987e-08
2.290528e+00
1.266631e+00
4.475962e-01
9.476405e-02
1.429219e-02
6.486523e-03
3.698745e-03
2.090813e-03
1.181038e-03
6.666739e-04
3.761802e-04
2.122219e-04
1.197110e-04
6.752158e-05
3.808355e-05
2.147892e-05
1.211518e-05
6.835190e-06
3.852533e-06
2.172052e-06
1.225848e-06
6.910834e-07
3.903633e-07
2.185671e-07
1.267143e-07
6.733246e-08
2.286255e+00
1.270189e+00
4.509560e-01
9.541032e-02
1.458980e-02
6.560781e-03
3.713275e-03
2.082386e-03
1.166685e-03
6.533883e-04
3.657450e-04
2.046877e-04
1.145388e-04
6.408894e-05
3.586174e-05
2.006485e-05
1.122194e-05
6.282345e-06
3.515328e-06
1.965074e-06
1.101306e-06
6.146042e-07
3.437221e-07
1.917964e-07
1.090051e-07
6.123199e-08
