8.914302e+02
7.115390e+02
5.790122e+02
4.623126e+02
3.641476e+02
2.909279e+02
2.383292e+02
2.031817e+02
1.795325e+02
1.646459e+02
1.564899e+02
1.522242e+02
1.501894e+02
1.476149e+02
1.420221e+02
1.329192e+02
1.213092e+02
1.093495e+02
9.695334e+01
8.621244e+01
7.798566e+01
7.188968e+01
6.920949e+01
7.503048e+01
9.804467e+01
1.348372e+02
1.464480e+02
3.222406e+01
1.742747e+02
6.901844e+01
2.479760e+01
8.662205e+00
2.943655e+00
9.372778e-01
2.527996e-01
5.333527e-02
5.840847e-03
6.441982e-04
5.012683e-06
1.160630e-06
7.291000e-08
1.859798e+02
2.095646e+02
2.183673e+02
2.155280e+02
2.298129e+02
2.416549e+02
2.518724e+02
2.536401e+02
2.500928e+02
2.406608e+02
2.255511e+02
2.089751e+02
1.900880e+02
1.728208e+02
1.549563e+02
1.363369e+02
1.156555e+02
1.006305e+02
8.915972e+01
7.628740e+01
6.601801e+01
5.530893e+01
4.653915e+01
3.818337e+01
3.072476e+01
2.390164e+01
1.744391e+01
1.234865e+01
7.997045e+00
4.684601e+00
2.417826e+00
1.102673e+00
5.829272e-01
4.117787e-01
3.139414e-01
2.345664e-01
1.831808e-01
1.613508e-01
1.532969e-01
1.469675e-01
1.406277e-01
1.342901e-01
1.279266e-01
1.215577e-01
1.152132e-01
1.088698e-01
1.025494e-01
9.627830e-02
9.001408e-02
8.380113e-02
7.764624e-02
7.151279e-02
6.545377e-02
5.947731e-02
5.352720e-02
4.768645e-02
4.198566e-02
3.636012e-02
3.090135e-02
2.568955e-02
2.066479e-02
1.593029e-02
1.164488e-02
7.788112e-03
4.461879e-03
2.052890e-03
7.447938e-04
2.244968e-04
6.393550e-05
2.024610e-05
8.207627e-06
2.582340e-06
3.602749e-06
9.600453e-07
3.295174e-06
1.677045e-06
2.610939e-06
4.451009e-06
4.345340e-06
2.470878e-06
8.944811e-07
1.086923e-06
1.628704e-06
5.874036e+19
1.700394e+19
4.895726e+18
1.571221e+18
5.065002e+17
1.712525e+17
5.830860e+16
2.095246e+16
7.072876e+15
2.393451e+15
8.337627e+14
3.045325e+14
1.176873e+14
4.669712e+13
1.977942e+13
8.119713e+12
3.187041e+12
1.221267e+12
4.814869e+11
1.760042e+11
6.308487e+10
2.310177e+10
8.722736e+09
3.176331e+09
1.136289e+09
4.108885e+08
1.572623e+08
5.772873e+07
2.108168e+07
7.649452e+06
2.928011e+06
1.069764e+06
3.882018e+05
1.400484e+05
5.387913e+04
1.965351e+04
7.097473e+03
2.561487e+03
9.911049e+02
3.600230e+02
1.291407e+02
4.755721e+01
1.707915e+01
5.892506e+00
1.801086e+00
4.154114e-01
4.817946e-02
1.615179e-03
8.264296e-06
3.551640e-06
2.414460e-06
1.627176e-06
1.095357e-06
7.646524e-07
5.625277e-07
3.532341e-07
2.898706e-07
2.434313e-07
1.001568e-07
1.706625e-07
4.586146e-08
1.487907e-07
3.266016e-08
2.620288e-08
1.726929e-08
1.853585e-08
6.105418e-09
1.855294e+00
5.153951e-01
1.251470e-01
1.589439e-02
2.677087e-03
1.748918e-03
1.190058e-03
8.095163e-04
5.505820e-04
3.744555e-04
2.546472e-04
1.731673e-04
1.177467e-04
8.008808e-05
5.446194e-05
3.702090e-05
2.518427e-05
1.711193e-05
1.166458e-05
7.913195e-06
5.381519e-06
3.658196e-06
2.530805e-06
1.693934e-06
1.170375e-06
8.545507e-07
5.641696e-07
4.204301e-07
1.764153e+00
4.969961e-01
1.215532e-01
1.547865e-02
2.599407e-03
1.718726e-03
1.183596e-03
8.147906e-04
5.608839e-04
3.860741e-04
2.657382e-04
1.829101e-04
1.258868e-04
8.664746e-05
5.963040e-05
4.105490e-05
2.824433e-05
1.944562e-05
1.338037e-05
9.217238e-06
6.329118e-06
4.380439e-06
2.998355e-06
2.130012e-06
1.419905e-06
9.771873e-07
7.140227e-07
5.547831e-07
1.683965e+00
4.760809e-01
1.179063e-01
1.512769e-02
2.517260e-03
1.680195e-03
1.169676e-03
8.140578e-04
5.665247e-04
3.942318e-04
2.743390e-04
1.909080e-04
1.328442e-04
9.244062e-05
6.433457e-05
4.475272e-05
3.113562e-05
2.166758e-05
1.507204e-05
1.049644e-05
7.317022e-06
5.107570e-06
3.529623e-06
2.487455e-06
1.713421e-06
1.228419e-06
8.277197e-07
6.328270e-07
4.072727e-07
1.608859e+00
4.594495e-01
1.152603e-01
1.484055e-02
2.430375e-03
1.636450e-03
1.150513e-03
8.086475e-04
5.683892e-04
3.994639e-04
2.807542e-04
1.973113e-04
1.386630e-04
9.747085e-05
6.851246e-05
4.814544e-05
3.382912e-05
2.377100e-05
1.672756e-05
1.174012e-05
8.240296e-06
5.811126e-06
4.078534e-06
2.878087e-06
2.009930e-06
1.412814e-06
1.047731e-06
7.284832e-07
4.995453e-07
1.544827e+00
4.428880e-01
1.127563e-01
1.439683e-02
2.339193e-03
1.587246e-03
1.125935e-03
7.985177e-04
5.663031e-04
4.016023e-04
2.848051e-04
2.019746e-04
1.432245e-04
1.015689e-04
7.204348e-05
5.108598e-05
3.624252e-05
2.567604e-05
1.822000e-05
1.292360e-05
9.155299e-06
6.534505e-06
4.598351e-06
3.293792e-06
2.317572e-06
1.657703e-06
1.169699e-06
8.336419e-07
5.853021e-07
1.482261e+00
4.275073e-01
1.102526e-01
1.412934e-02
2.248300e-03
1.534966e-03
1.097697e-03
7.848460e-04
5.611147e-04
4.012170e-04
2.868449e-04
2.050814e-04
1.466205e-04
1.048361e-04
7.496639e-05
5.358182e-05
3.831316e-05
2.740323e-05
1.959553e-05
1.400162e-05
1.002310e-05
7.151846e-06
5.126951e-06
3.654330e-06
2.635800e-06
1.866968e-06
1.334809e-06
9.906947e-07
6.825878e-07
4.881561e-07
1.422520e+00
4.174232e-01
1.084832e-01
1.381345e-02
2.158014e-03
1.480938e-03
1.066868e-03
7.684176e-04
5.534487e-04
3.986500e-04
2.871052e-04
2.068150e-04
1.489502e-04
1.072632e-04
7.730551e-05
5.564068e-05
4.009399e-05
2.886648e-05
2.079833e-05
1.499693e-05
1.078390e-05
7.768989e-06
5.593266e-06
4.025993e-06
2.897434e-06
2.173757e-06
1.519902e-06
1.095677e-06
8.206115e-07
6.866378e-07
1.368490e+00
4.087731e-01
1.068863e-01
1.353508e-02
2.069970e-03
1.426886e-03
1.034767e-03
7.502664e-04
5.440022e-04
3.944038e-04
2.860132e-04
2.073608e-04
1.503343e-04
1.090543e-04
7.904225e-05
5.732833e-05
4.153095e-05
3.015346e-05
2.184980e-05
1.583171e-05
1.149120e-05
8.353883e-06
6.031492e-06
4.399496e-06
3.168037e-06
2.304762e-06
1.669790e-06
1.225378e-06
8.879057e-07
6.394379e-07
1.321283e+00
3.970936e-01
1.053580e-01
1.329154e-02
1.984635e-03
1.372815e-03
1.001524e-03
7.305317e-04
5.328879e-04
3.886942e-04
2.835411e-04
2.068055e-04
1.508890e-04
1.100251e-04
8.028475e-05
5.858740e-05
4.271645e-05
3.116452e-05
2.271115e-05
1.659332e-05
1.209777e-05
8.830051e-06
6.433075e-06
4.726980e-06
3.425608e-06
2.500315e-06
1.894602e-06
1.328191e-06
9.741728e-07
7.132089e-07
1.280612e+00
3.905537e-01
1.034475e-01
1.321756e-02
1.903153e-03
1.319383e-03
9.677960e-04
7.097424e-04
5.205537e-04
3.817406e-04
2.800040e-04
2.053377e-04
1.506230e-04
1.104467e-04
8.103370e-05
5.941256e-05
4.359410e-05
3.195620e-05
2.343222e-05
1.719098e-05
1.262800e-05
9.259025e-06
6.772183e-06
4.983538e-06
3.648852e-06
2.672268e-06
1.968365e-06
1.437585e-06
1.072237e-06
7.724910e-07
1.243295e+00
3.827506e-01
1.025012e-01
1.288340e-02
1.825330e-03
1.268533e-03
9.350206e-04
6.890829e-04
5.078127e-04
3.742775e-04
2.758719e-04
2.033027e-04
1.498155e-04
1.104389e-04
8.139180e-05
6.000016e-05
4.423482e-05
3.258810e-05
2.401476e-05
1.770282e-05
1.307013e-05
9.606069e-06
7.071860e-06
5.229933e-06
3.882588e-06
2.841643e-06
2.086845e-06
1.538463e-06
1.133118e-06
8.392242e-07
1.209430e+00
3.751728e-01
1.012544e-01
1.261918e-02
1.753519e-03
1.220715e-03
9.037330e-04
6.689413e-04
4.951965e-04
3.665751e-04
2.713301e-04
2.008593e-04
1.487344e-04
1.100587e-04
8.150721e-05
6.033541e-05
4.465348e-05
3.306750e-05
2.448072e-05
1.812047e-05
1.340202e-05
9.933179e-06
7.359636e-06
5.452408e-06
4.023688e-06
2.998417e-06
2.203014e-06
1.697592e-06
1.214591e-06
9.190114e-07
1.175231e+00
3.704051e-01
1.003020e-01
1.251212e-02
1.686624e-03
1.175329e-03
8.735634e-04
6.491860e-04
4.824471e-04
3.585707e-04
2.664978e-04
1.980426e-04
1.471752e-04
1.094349e-04
8.130026e-05
6.041912e-05
4.491683e-05
3.337729e-05
2.482946e-05
1.842416e-05
1.372028e-05
1.017327e-05
7.583309e-06
5.619287e-06
4.194538e-06
3.098794e-06
2.325911e-06
1.727276e-06
1.284988e-06
9.772924e-07
7.093663e-07
1.143499e+00
3.682324e-01
9.998565e-02
1.241722e-02
1.626770e-03
1.133577e-03
8.455403e-04
6.306129e-04
4.702809e-04
3.507814e-04
2.616093e-04
1.951397e-04
1.455228e-04
1.085524e-04
8.098761e-05
6.038181e-05
4.504043e-05
3.361646e-05
2.504047e-05
1.871263e-05
1.395160e-05
1.037971e-05
7.757752e-06
5.781244e-06
4.332553e-06
3.218738e-06
2.396811e-06
1.788410e-06
1.336697e-06
1.019929e-06
7.584522e-07
1.114359e+00
3.645506e-01
9.982964e-02
1.232516e-02
1.571495e-03
1.095475e-03
8.197158e-04
6.132903e-04
4.588517e-04
3.433222e-04
2.568709e-04
1.922113e-04
1.438211e-04
1.076008e-04
8.052917e-05
6.025684e-05
4.508055e-05
3.373967e-05
2.523554e-05
1.887564e-05
1.413328e-05
1.059453e-05
7.908100e-06
5.925169e-06
4.421987e-06
3.311032e-06
2.495511e-06
1.863815e-06
1.439291e-06
1.055011e-06
7.806560e-07
1.097823e+00
3.607675e-01
9.899464e-02
1.220486e-02
1.522174e-03
1.060631e-03
7.958996e-04
5.971475e-04
4.480775e-04
3.361886e-04
2.522729e-04
1.893186e-04
1.420166e-04
1.066064e-04
7.999038e-05
6.001056e-05
4.501805e-05
3.379785e-05
2.536848e-05
1.901222e-05
1.429170e-05
1.070429e-05
8.078584e-06
6.015462e-06
4.536453e-06
3.414973e-06
2.540671e-06
1.930427e-06
1.430998e-06
1.074343e-06
8.064413e-07
1.079309e+00
3.594045e-01
9.785650e-02
1.218951e-02
1.479141e-03
1.030019e-03
7.748695e-04
5.827722e-04
4.384225e-04
3.298012e-04
2.481120e-04
1.866249e-04
1.404185e-04
1.056287e-04
7.946852e-05
5.978371e-05
4.498764e-05
3.380947e-05
2.545691e-05
1.915370e-05
1.439051e-05
1.087142e-05
8.131746e-06
6.151744e-06
4.625216e-06
3.460465e-06
2.649164e-06
1.960507e-06
1.476359e-06
1.184050e-06
8.335715e-07
1.058679e+00
3.596820e-01
9.851002e-02
1.202392e-02
1.441139e-03
1.003432e-03
7.566178e-04
5.704003e-04
4.300520e-04
3.242556e-04
2.445078e-04
1.843057e-04
1.390022e-04
1.048008e-04
7.899632e-05
5.959655e-05
4.491219e-05
3.387048e-05
2.556255e-05
1.925415e-05
1.452403e-05
1.092853e-05
8.258312e-06
6.214466e-06
4.717442e-06
3.545127e-06
2.664821e-06
2.013203e-06
1.511957e-06
1.174729e-06
8.606320e-07
1.043807e+00
3.559974e-01
9.781115e-02
1.202279e-02
1.410552e-03
9.811382e-04
7.412721e-04
5.599174e-04
4.230237e-04
3.196120e-04
2.414320e-04
1.824368e-04
1.378205e-04
1.041270e-04
7.865760e-05
5.942530e-05
4.489711e-05
3.394928e-05
2.564242e-05
1.935324e-05
1.464593e-05
1.105385e-05
8.348629e-06
6.320083e-06
4.755739e-06
3.639772e-06
2.712603e-06
2.094402e-06
1.552862e-06
1.174335e-06
9.071974e-07
1.021728e+00
3.576579e-01
9.929937e-02
1.198808e-02
1.386941e-03
9.630668e-04
7.289136e-04
5.516302e-04
4.174981e-04
3.159572e-04
2.391686e-04
1.809969e-04
1.369753e-04
1.037153e-04
7.846501e-05
5.939348e-05
4.498391e-05
3.401097e-05
2.576416e-05
1.949150e-05
1.477679e-05
1.116064e-05
8.437915e-06
6.396634e-06
4.857725e-06
3.662986e-06
2.828453e-06
2.093123e-06
1.595220e-06
1.238787e-06
9.148320e-07
1.015123e+00
3.586073e-01
9.906015e-02
1.194234e-02
1.366760e-03
9.498101e-04
7.199615e-04
5.457454e-04
4.136868e-04
3.135906e-04
2.377214e-04
1.801884e-04
1.366197e-04
1.035679e-04
7.849121e-05
5.951922e-05
4.513017e-05
3.419572e-05
2.592072e-05
1.965591e-05
1.491248e-05
1.130013e-05
8.561993e-06
6.479212e-06
4.941518e-06
3.730524e-06
2.821280e-06
2.147043e-06
1.620261e-06
1.261963e-06
9.855485e-07
1.009624e+00
3.587498e-01
9.955956e-02
1.206791e-02
1.360461e-03
9.413430e-04
7.145675e-04
5.424005e-04
4.117470e-04
3.125333e-04
2.372601e-04
1.801305e-04
1.367071e-04
1.038212e-04
7.878297e-05
5.983152e-05
4.538025e-05
3.448896e-05
2.618425e-05
1.986054e-05
1.507957e-05
1.144807e-05
8.675946e-06
6.618516e-06
5.021191e-06
3.790841e-06
2.883368e-06
2.216757e-06
1.658165e-06
1.283053e-06
9.560523e-07
1.005323e+00
3.569518e-01
9.981963e-02
1.214375e-02
1.349120e-03
9.365970e-04
7.118632e-04
5.410139e-04
4.111622e-04
3.125253e-04
2.375130e-04
1.805259e-04
1.372272e-04
1.043039e-04
7.928244e-05
6.025682e-05
4.576805e-05
3.482073e-05
2.644313e-05
2.014112e-05
1.527940e-05
1.161741e-05
8.832207e-06
6.724881e-06
5.089878e-06
3.875675e-06
2.948332e-06
2.249894e-06
1.695076e-06
1.318985e-06
1.023972e-06
9.976455e-01
3.617731e-01
9.980444e-02
1.209764e-02
1.348356e-03
9.366686e-04
7.126599e-04
5.422338e-04
4.125369e-04
3.138741e-04
2.388385e-04
1.817007e-04
1.382730e-04
1.052041e-04
8.004895e-05
6.090452e-05
4.636741e-05
3.523733e-05
2.686983e-05
2.041522e-05
1.552669e-05
1.184965e-05
9.002613e-06
6.836820e-06
5.192891e-06
3.984051e-06
3.022749e-06
2.287107e-06
1.793107e-06
1.326610e-06
1.017631e-06
9.853355e-01
3.641472e-01
1.011365e-01
1.209231e-02
1.356917e-03
9.414806e-04
7.169847e-04
5.460327e-04
4.158388e-04
3.166727e-04
2.411939e-04
1.836874e-04
1.399049e-04
1.065463e-04
8.114067e-05
6.180385e-05
4.709796e-05
3.584922e-05
2.730842e-05
2.079506e-05
1.582730e-05
1.209520e-05
9.173383e-06
7.004344e-06
5.352191e-06
4.045305e-06
3.112664e-06
2.350671e-06
1.784616e-06
1.394991e-06
1.041596e-06
9.895941e-01
3.649202e-01
1.018056e-01
1.218428e-02
1.369526e-03
9.514034e-04
7.251393e-04
5.526486e-04
4.212731e-04
3.210602e-04
2.447245e-04
1.865656e-04
1.421842e-04
1.083793e-04
8.261067e-05
6.298902e-05
4.799196e-05
3.657616e-05
2.793219e-05
2.124982e-05
1.618963e-05
1.238567e-05
9.409453e-06
7.197335e-06
5.455112e-06
4.211694e-06
3.179100e-06
2.412471e-06
1.847147e-06
1.408746e-06
1.107360e-06
9.937106e-01
3.691754e-01
1.021491e-01
1.228482e-02
1.387470e-03
9.664337e-04
7.371647e-04
5.621993e-04
4.288410e-04
3.270887e-04
2.494936e-04
1.903148e-04
1.451940e-04
1.107170e-04
8.447095e-05
6.441652e-05
4.915421e-05
3.749531e-05
2.860896e-05
2.178925e-05
1.666821e-05
1.269976e-05
9.671645e-06
7.406619e-06
5.616722e-06
4.295954e-06
3.312819e-06
2.507803e-06
1.897542e-06
1.493367e-06
1.126668e-06
9.946435e-01
3.734352e-01
1.037554e-01
1.238236e-02
1.414452e-03
9.869771e-04
7.532478e-04
5.748910e-04
4.387740e-04
3.348632e-04
2.555972e-04
1.950756e-04
1.488945e-04
1.136500e-04
8.675924e-05
6.620009e-05
5.055159e-05
3.857655e-05
2.946710e-05
2.244766e-05
1.715673e-05
1.310511e-05
1.001026e-05
7.613869e-06
5.817741e-06
4.441791e-06
3.402333e-06
2.598351e-06
1.974993e-06
1.519007e-06
1.145099e-06
8.850308e-07
9.900961e-01
3.794803e-01
1.059973e-01
1.273175e-02
1.451272e-03
1.013848e-03
7.742090e-04
5.911868e-04
4.514189e-04
3.447791e-04
2.632766e-04
2.010469e-04
1.535431e-04
1.172755e-04
8.955171e-05
6.838036e-05
5.226300e-05
3.987610e-05
3.045240e-05
2.328774e-05
1.774967e-05
1.359249e-05
1.036177e-05
7.908968e-06
6.040506e-06
4.632065e-06
3.516912e-06
2.699835e-06
2.065064e-06
1.567009e-06
1.206377e-06
9.514670e-07
9.974471e-01
3.822794e-01
1.066815e-01
1.264593e-02
1.504813e-03
1.048520e-03
8.010862e-04
6.120067e-04
4.675867e-04
3.572581e-04
2.729529e-04
2.085649e-04
1.593470e-04
1.217346e-04
9.302916e-05
7.108177e-05
5.431822e-05
4.151743e-05
3.170744e-05
2.422621e-05
1.851259e-05
1.413800e-05
1.081405e-05
8.248439e-06
6.315083e-06
4.818078e-06
3.695929e-06
2.804393e-06
2.174322e-06
1.642871e-06
1.252721e-06
9.536145e-07
1.009434e+00
3.944312e-01
1.079769e-01
1.291317e-02
1.555209e-03
1.092927e-03
8.353864e-04
6.384957e-04
4.880515e-04
3.730393e-04
2.851776e-04
2.179667e-04
1.666388e-04
1.273722e-04
9.735236e-05
7.443607e-05
5.688841e-05
4.350115e-05
3.324429e-05
2.539529e-05
1.944043e-05
1.484928e-05
1.138966e-05
8.677164e-06
6.637112e-06
5.070850e-06
3.864727e-06
2.952629e-06
2.262794e-06
1.743907e-06
1.376821e-06
1.007521e-06
1.028407e+00
4.020975e-01
1.096647e-01
1.316755e-02
1.628236e-03
1.149692e-03
8.791738e-04
6.722963e-04
5.140973e-04
3.931443e-04
3.006419e-04
2.299270e-04
1.758179e-04
1.344995e-04
1.028339e-04
7.864632e-05
6.017000e-05
4.599136e-05
3.516342e-05
2.690820e-05
2.060106e-05
1.571780e-05
1.205377e-05
9.216259e-06
7.024086e-06
5.405357e-06
4.101423e-06
3.152113e-06
2.442236e-06
1.829944e-06
1.399235e-06
1.076578e-06
1.048621e+00
4.067553e-01
1.131094e-01
1.329774e-02
1.725362e-03
1.223230e-03
9.359054e-04
7.160353e-04
5.478264e-04
4.191403e-04
3.206927e-04
2.453898e-04
1.877128e-04
1.436616e-04
1.099145e-04
8.409980e-05
6.434733e-05
4.925317e-05
3.767590e-05
2.882762e-05
2.205169e-05
1.690516e-05
1.290864e-05
9.870504e-06
7.591159e-06
5.770529e-06
4.419839e-06
3.389633e-06
2.588365e-06
2.006085e-06
1.513566e-06
1.166124e-06
1.068023e+00
4.118319e-01
1.152526e-01
1.383664e-02
1.850855e-03
1.321771e-03
1.011892e-03
7.746367e-04
5.930318e-04
4.540171e-04
3.475938e-04
2.661440e-04
2.037164e-04
1.560100e-04
1.194423e-04
9.145576e-05
6.998853e-05
5.361768e-05
4.103716e-05
3.142600e-05
2.403629e-05
1.845603e-05
1.409658e-05
1.080839e-05
8.266593e-06
6.331252e-06
4.839679e-06
3.725714e-06
2.837556e-06
2.183505e-06
1.655776e-06
1.332089e-06
9.695718e-07
1.087686e+00
4.232418e-01
1.158108e-01
1.435675e-02
2.023933e-03
1.454731e-03
1.114697e-03
8.540610e-04
6.544341e-04
5.014240e-04
3.842502e-04
2.944311e-04
2.256023e-04
1.728949e-04
1.324856e-04
1.015331e-04
7.780244e-05
5.960729e-05
4.568384e-05
3.503232e-05
2.682219e-05
2.057021e-05
1.574450e-05
1.208434e-05
9.246928e-06
7.086914e-06
5.436720e-06
4.147693e-06
3.211662e-06
2.449770e-06
1.868206e-06
1.454635e-06
1.092750e-06
1.119527e+00
4.341665e-01
1.205437e-01
1.468402e-02
2.252338e-03
1.638420e-03
1.257102e-03
9.644334e-04
7.399180e-04
5.676988e-04
4.355593e-04
3.342297e-04
2.564327e-04
1.967457e-04
1.509821e-04
1.158299e-04
8.889476e-05
6.819486e-05
5.233560e-05
4.017443e-05
3.080762e-05
2.363074e-05
1.814815e-05
1.393300e-05
1.067468e-05
8.186578e-06
6.315863e-06
4.818318e-06
3.724174e-06
2.824660e-06
2.197469e-06
1.664299e-06
1.292262e-06
1.000531e-06
1.161445e+00
4.544279e-01
1.242360e-01
1.554685e-02
2.568342e-03
1.888234e-03
1.451612e-03
1.115854e-03
8.577821e-04
6.594280e-04
5.069354e-04
3.897532e-04
2.996213e-04
2.303537e-04
1.771192e-04
1.361598e-04
1.046792e-04
8.048837e-05
6.186866e-05
4.760154e-05
3.656448e-05
2.813672e-05
2.160216e-05
1.664938e-05
1.277198e-05
9.827138e-06
7.541786e-06
5.811014e-06
4.478542e-06
3.423650e-06
2.658125e-06
2.022824e-06
1.559115e-06
1.197819e-06
1.231935e+00
4.760967e-01
1.317160e-01
1.656441e-02
2.984878e-03
2.218043e-03
1.710188e-03
1.318472e-03
1.016530e-03
7.837549e-04
6.042936e-04
4.659511e-04
3.592902e-04
2.770414e-04
2.136254e-04
1.647258e-04
1.270101e-04
9.796026e-05
7.551626e-05
5.825301e-05
4.491019e-05
3.462687e-05
2.670834e-05
2.058740e-05
1.588164e-05
1.224289e-05
9.451191e-06
7.276883e-06
5.623520e-06
4.323039e-06
3.344905e-06
2.582836e-06
1.977824e-06
1.523793e-06
1.209992e-06
1.323693e+00
5.130282e-01
1.393789e-01
1.793099e-02
3.504533e-03
2.632558e-03
2.038333e-03
1.578016e-03
1.221813e-03
9.459949e-04
7.324707e-04
5.671679e-04
4.391784e-04
3.400797e-04
2.633532e-04
2.039359e-04
1.579158e-04
1.222842e-04
9.470926e-05
7.332905e-05
5.679252e-05
4.398564e-05
3.404927e-05
2.637687e-05
2.042602e-05
1.581991e-05
1.224890e-05
9.480307e-06
7.347409e-06
5.686416e-06
4.414224e-06
3.408987e-06
2.634834e-06
2.050167e-06
1.595367e-06
1.223570e-06
1.444613e+00
5.528017e-01
1.474199e-01
1.947905e-02
4.100446e-03
3.114249e-03
2.424914e-03
1.887964e-03
1.470047e-03
1.144697e-03
8.914080e-04
6.941769e-04
5.406146e-04
4.210259e-04
3.278990e-04
2.553697e-04
1.988895e-04
1.549035e-04
1.206490e-04
9.396684e-05
7.317697e-05
5.700706e-05
4.439181e-05
3.457611e-05
2.692564e-05
2.098172e-05
1.633878e-05
1.272111e-05
9.907953e-06
7.713469e-06
6.017210e-06
4.681573e-06
3.651783e-06
2.834948e-06
2.221468e-06
1.720501e-06
1.341150e-06
1.582917e+00
5.965962e-01
1.579571e-01
2.122829e-02
4.730906e-03
3.631509e-03
2.847942e-03
2.233324e-03
1.751178e-03
1.373591e-03
1.077403e-03
8.451095e-04
6.629420e-04
5.200535e-04
4.079642e-04
3.200483e-04
2.510745e-04
1.969732e-04
1.545340e-04
1.212230e-04
9.511607e-05
7.461810e-05
5.853730e-05
4.593251e-05
3.602894e-05
2.826777e-05
2.217598e-05
1.740197e-05
1.364850e-05
1.071115e-05
8.402199e-06
6.588516e-06
5.170284e-06
4.065225e-06
3.180260e-06
2.493995e-06
1.964591e-06
1.543846e-06
1.203415e-06
1.725108e+00
6.374782e-01
1.676033e-01
2.265538e-02
5.342380e-03
4.147507e-03
3.280395e-03
2.594529e-03
2.052307e-03
1.623540e-03
1.284460e-03
1.016251e-03
8.040903e-04
6.362400e-04
5.034496e-04
3.983838e-04
3.152433e-04
2.494626e-04
1.974118e-04
1.562173e-04
1.236270e-04
9.783400e-05
7.741906e-05
6.126816e-05
4.848180e-05
3.837065e-05
3.036171e-05
2.403092e-05
1.901740e-05
1.504785e-05
1.190646e-05
9.427249e-06
7.461337e-06
5.902583e-06
4.669070e-06
3.694988e-06
2.927936e-06
2.313296e-06
1.833887e-06
1.448993e-06
1.853368e+00
6.762050e-01
1.775498e-01
2.439285e-02
5.897104e-03
4.627597e-03
3.695238e-03
2.950954e-03
2.356906e-03
1.882653e-03
1.503960e-03
1.201535e-03
9.599763e-04
7.670142e-04
6.128642e-04
4.897082e-04
3.913118e-04
3.126923e-04
2.498700e-04
1.996708e-04
1.595632e-04
1.275103e-04
1.018928e-04
8.142720e-05
6.507355e-05
5.200017e-05
4.155483e-05
3.320987e-05
2.653957e-05
2.120792e-05
1.694688e-05
1.354677e-05
1.082322e-05
8.648207e-06
6.912202e-06
5.525468e-06
4.415110e-06
3.529152e-06
2.817948e-06
2.253827e-06
1.799260e-06
1.439990e-06
1.964053e+00
7.110992e-01
1.876109e-01
2.582790e-02
6.351236e-03
5.039114e-03
4.065641e-03
3.280718e-03
2.647699e-03
2.137100e-03
1.725150e-03
1.392726e-03
1.124440e-03
9.078809e-04
7.330678e-04
5.919350e-04
4.779872e-04
3.859861e-04
3.116961e-04
2.517092e-04
2.032728e-04
1.641551e-04
1.325672e-04
1.070581e-04
8.646012e-05
6.982293e-05
5.638935e-05
4.553899e-05
3.677708e-05
2.970090e-05
2.398642e-05
1.937082e-05
1.564392e-05
1.263524e-05
1.020426e-05
8.241648e-06
6.654262e-06
5.373801e-06
4.339968e-06
3.505596e-06
2.831621e-06
2.288420e-06
1.845825e-06
1.491669e-06
2.048648e+00
7.399394e-01
1.970408e-01
2.734521e-02
6.724515e-03
5.391342e-03
4.398242e-03
3.587375e-03
2.926699e-03
2.387606e-03
1.948531e-03
1.590420e-03
1.298020e-03
1.059505e-03
8.648655e-04
7.060132e-04
5.763587e-04
4.705280e-04
3.841392e-04
3.136171e-04
2.560469e-04
2.090459e-04
1.706759e-04
1.393498e-04
1.137724e-04
9.289168e-05
7.584403e-05
6.192454e-05
5.055921e-05
4.128015e-05
3.370509e-05
2.752034e-05
2.246828e-05
1.834653e-05
1.497889e-05
1.222994e-05
9.985540e-06
8.153744e-06
6.656864e-06
5.434798e-06
4.437890e-06
3.624059e-06
2.958876e-06
2.415545e-06
1.972911e-06
2.118951e+00
7.664194e-01
2.051578e-01
2.875206e-02
6.989736e-03
5.665955e-03
4.671810e-03
3.852645e-03
3.177718e-03
2.621444e-03
2.162832e-03
1.784647e-03
1.472722e-03
1.215407e-03
1.003111e-03
8.279396e-04
6.833867e-04
5.640911e-04
4.656334e-04
3.843703e-04
3.172957e-04
2.619300e-04
2.162279e-04
1.785019e-04
1.473597e-04
1.216514e-04
1.004291e-04
8.290916e-05
6.844590e-05
5.650601e-05
4.664946e-05
3.851152e-05
3.179376e-05
2.624789e-05
2.166925e-05
1.788931e-05
1.476931e-05
1.219268e-05
1.006595e-05
8.310153e-06
6.860636e-06
5.663879e-06
4.675808e-06
3.860213e-06
3.187080e-06
2.631910e-06
2.172623e-06
1.793611e-06
2.163723e+00
7.859921e-01
2.126752e-01
3.003915e-02
7.173602e-03
5.865816e-03
4.889962e-03
4.076439e-03
3.398990e-03
2.834385e-03
2.364135e-03
1.972090e-03
1.645219e-03
1.372640e-03
1.145300e-03
9.556671e-04
7.974710e-04
6.654883e-04
5.553675e-04
4.634816e-04
3.868075e-04
3.228236e-04
2.694280e-04
2.248676e-04
1.876786e-04
1.566417e-04
1.307384e-04
1.091194e-04
9.107573e-05
7.601636e-05
6.344684e-05
5.295625e-05
4.420026e-05
3.689200e-05
3.079228e-05
2.570103e-05
2.145182e-05
1.790481e-05
1.494457e-05
1.247375e-05
1.041127e-05
8.690054e-06
7.253217e-06
6.054045e-06
5.053077e-06
4.217701e-06
3.520454e-06
2.938312e-06
2.452457e-06
2.046976e-06
2.192639e+00
8.067408e-01
2.198745e-01
3.105905e-02
7.267486e-03
6.003431e-03
5.056130e-03
4.260012e-03
3.589879e-03
3.025694e-03
2.550554e-03
2.150294e-03
1.813038e-03
1.528813e-03
1.289242e-03
1.087282e-03
9.170068e-04
7.734326e-04
6.523623e-04
5.502613e-04
4.641534e-04
3.915281e-04
3.302727e-04
2.786061e-04
2.350243e-04
1.982630e-04
1.672530e-04
1.410940e-04
1.190283e-04
1.004222e-04
8.471478e-05
7.146695e-05
6.029056e-05
5.086280e-05
4.290930e-05
3.619883e-05
3.053863e-05
2.576338e-05
2.173454e-05
1.833621e-05
1.546884e-05
1.304991e-05
1.100936e-05
9.288020e-06
7.835779e-06
6.610239e-06
5.577035e-06
4.704561e-06
3.969804e-06
3.348292e-06
2.824900e-06
2.383260e-06
2.207825e+00
8.180580e-01
2.265750e-01
3.215427e-02
7.309716e-03
6.081758e-03
5.176264e-03
4.405911e-03
3.750988e-03
3.193987e-03
2.720109e-03
2.316839e-03
1.973572e-03
1.681322e-03
1.432558e-03
1.220597e-03
1.040063e-03
8.862744e-04
7.552567e-04
6.436312e-04
5.485201e-04
4.674762e-04
3.984152e-04
3.395628e-04
2.894095e-04
2.466659e-04
2.102387e-04
1.791920e-04
1.527318e-04
1.301801e-04
1.109580e-04
9.457594e-05
8.061134e-05
6.871048e-05
5.856610e-05
4.991947e-05
4.254909e-05
3.626822e-05
3.091362e-05
2.635000e-05
2.245975e-05
1.914425e-05
1.631757e-05
1.390951e-05
1.185608e-05
1.010537e-05
8.613555e-06
7.342004e-06
6.258148e-06
5.334258e-06
4.546948e-06
3.875392e-06
3.303505e-06
2.816096e-06
2.400088e-06
2.216408e+00
8.314845e-01
2.329203e-01
3.304131e-02
7.292880e-03
6.111470e-03
5.252672e-03
4.514943e-03
3.881633e-03
3.337752e-03
2.870518e-03
2.469016e-03
2.123911e-03
1.827222e-03
1.572108e-03
1.352710e-03
1.164001e-03
1.001673e-03
8.620215e-04
7.416552e-04
6.383796e-04
5.494337e-04
4.728920e-04
4.070230e-04
3.503344e-04
3.015471e-04
2.595567e-04
2.234157e-04
1.923100e-04
1.655357e-04
1.424912e-04
1.226543e-04
1.055802e-04
9.088357e-05
7.823270e-05
6.734233e-05
5.796951e-05
4.990009e-05
4.295519e-05
3.697628e-05
3.182930e-05
2.739977e-05
2.358564e-05
2.030326e-05
1.747733e-05
1.504526e-05
1.295077e-05
1.114849e-05
9.596551e-06
8.261299e-06
7.111376e-06
6.120979e-06
5.270664e-06
4.536342e-06
3.904486e-06
3.361128e-06
2.893665e-06
2.216597e+00
8.406453e-01
2.373242e-01
3.386836e-02
7.245147e-03
6.105540e-03
5.296809e-03
4.595548e-03
3.988482e-03
3.461360e-03
3.004768e-03
2.608688e-03
2.264712e-03
1.966699e-03
1.707965e-03
1.483380e-03
1.288409e-03
1.119128e-03
9.721360e-04
8.444846e-04
7.336245e-04
6.373367e-04
5.537010e-04
4.810536e-04
4.179462e-04
3.631238e-04
3.154970e-04
2.741219e-04
2.381746e-04
2.069443e-04
1.798100e-04
1.562343e-04
1.357520e-04
1.179547e-04
1.024904e-04
8.905532e-05
7.738178e-05
6.723738e-05
5.842444e-05
5.076504e-05
4.411145e-05
3.832906e-05
3.330567e-05
2.894020e-05
2.514588e-05
2.185149e-05
1.898557e-05
1.649800e-05
1.433642e-05
1.245569e-05
1.082422e-05
9.405841e-06
8.172219e-06
7.101381e-06
6.170747e-06
5.361757e-06
4.658875e-06
4.048197e-06
3.517746e-06
3.056980e-06
2.211030e+00
8.513013e-01
2.424688e-01
3.475158e-02
7.163663e-03
6.062417e-03
5.307102e-03
4.645386e-03
4.066972e-03
3.561190e-03
3.118774e-03
2.731681e-03
2.392904e-03
2.096351e-03
1.836711e-03
1.609350e-03
1.410228e-03
1.235815e-03
1.083029e-03
9.491746e-04
8.318954e-04
7.291325e-04
6.390839e-04
5.601696e-04
4.910119e-04
4.304007e-04
3.772785e-04
3.307176e-04
2.899073e-04
2.541349e-04
2.227806e-04
1.952952e-04
1.712027e-04
1.500828e-04
1.315699e-04
1.153409e-04
1.011138e-04
8.864284e-05
7.770919e-05
6.812557e-05
5.972283e-05
5.235763e-05
4.589997e-05
4.023940e-05
3.527700e-05
3.092617e-05
2.711291e-05
2.376816e-05
2.083766e-05
1.826811e-05
1.601566e-05
1.404002e-05
1.230865e-05
1.079076e-05
9.460303e-06
8.292967e-06
7.271359e-06
6.373862e-06
5.588380e-06
4.898824e-06
4.294831e-06
3.765224e-06
3.301357e-06
2.203638e+00
8.591082e-01
2.464897e-01
3.534842e-02
7.055284e-03
5.997007e-03
5.293479e-03
4.672392e-03
4.124947e-03
3.641100e-03
3.215882e-03
2.840337e-03
2.509152e-03
2.216576e-03
1.958314e-03
1.730276e-03
1.528898e-03
1.351037e-03
1.193930e-03
1.055143e-03
9.325270e-04
8.241889e-04
7.284623e-04
6.438708e-04
5.691174e-04
5.030537e-04
4.446682e-04
3.930642e-04
3.474562e-04
3.071426e-04
2.715107e-04
2.400143e-04
2.121740e-04
1.875647e-04
1.658110e-04
1.465805e-04
1.295821e-04
1.145546e-04
1.012701e-04
8.952735e-05
7.914655e-05
6.996921e-05
6.185676e-05
5.468322e-05
4.834419e-05
4.273801e-05
3.778304e-05
3.340281e-05
2.952968e-05
2.610621e-05
2.307978e-05
2.040279e-05
1.803889e-05
1.594631e-05
1.409802e-05
1.246389e-05
1.101826e-05
9.741686e-06
8.611286e-06
7.613706e-06
6.731040e-06
5.950298e-06
5.260302e-06
4.650671e-06
4.111320e-06
3.635226e-06
2.192995e+00
8.628386e-01
2.506743e-01
3.605178e-02
6.938098e-03
5.906776e-03
5.255158e-03
4.675342e-03
4.160238e-03
3.701811e-03
3.295074e-03
2.933278e-03
2.611494e-03
2.325238e-03
2.070539e-03
1.843833e-03
1.642117e-03
1.462173e-03
1.302519e-03
1.160140e-03
1.033432e-03
9.205900e-04
8.200996e-04
7.305995e-04
6.508845e-04
5.798806e-04
5.166340e-04
4.601047e-04
4.100240e-04
3.653219e-04
3.254980e-04
2.900184e-04
2.584084e-04
2.302464e-04
2.051548e-04
1.827997e-04
1.628816e-04
1.451335e-04
1.293210e-04
1.152317e-04
1.026782e-04
9.149206e-05
8.152443e-05
7.264448e-05
6.473007e-05
5.767972e-05
5.139593e-05
4.579803e-05
4.080867e-05
3.636476e-05
3.240266e-05
2.887360e-05
2.572928e-05
2.292566e-05
2.042950e-05
1.820377e-05
1.622099e-05
1.445504e-05
1.287993e-05
1.147726e-05
1.022702e-05
9.113123e-06
8.120935e-06
7.235724e-06
6.448046e-06
5.746081e-06
5.120180e-06
4.561512e-06
4.066150e-06
3.622269e-06
2.180756e+00
8.721665e-01
2.542328e-01
3.661665e-02
6.804109e-03
5.798288e-03
5.197014e-03
4.658172e-03
4.175895e-03
3.744113e-03
3.357425e-03
3.010471e-03
2.700299e-03
2.422193e-03
2.172915e-03
1.949440e-03
1.749068e-03
1.569386e-03
1.408241e-03
1.263705e-03
1.133996e-03
1.017718e-03
9.133697e-04
8.197486e-04
7.357429e-04
6.603631e-04
5.927206e-04
5.320171e-04
4.775386e-04
4.286472e-04
3.847656e-04
3.453822e-04
3.100326e-04
2.783043e-04
2.498257e-04
2.242629e-04
2.013174e-04
1.807204e-04
1.622327e-04
1.456362e-04
1.307383e-04
1.173658e-04
1.053606e-04
9.458346e-05
8.490952e-05
7.622540e-05
6.842940e-05
6.143063e-05
5.514862e-05
4.950778e-05
4.444584e-05
3.989933e-05
3.581969e-05
3.215627e-05
2.886844e-05
2.591575e-05
2.326514e-05
2.088680e-05
1.875129e-05
1.683295e-05
1.511161e-05
1.356624e-05
1.217996e-05
1.093336e-05
9.815960e-06
8.812213e-06
7.910722e-06
7.101884e-06
6.376332e-06
5.723917e-06
5.137991e-06
4.612812e-06
4.141514e-06
2.170647e+00
8.740643e-01
2.571010e-01
3.709402e-02
6.653248e-03
5.673083e-03
5.121306e-03
4.622637e-03
4.173174e-03
3.767948e-03
3.402502e-03
3.072851e-03
2.775423e-03
2.507016e-03
2.264646e-03
2.046002e-03
1.848553e-03
1.670260e-03
1.509246e-03
1.363821e-03
1.232464e-03
1.113804e-03
1.006603e-03
9.097520e-04
8.222420e-04
7.431704e-04
6.717243e-04
6.072840e-04
5.488828e-04
4.961395e-04
4.484721e-04
4.053906e-04
3.664525e-04
3.312587e-04
2.994466e-04
2.706931e-04
2.447030e-04
2.212099e-04
1.999731e-04
1.807766e-04
1.634240e-04
1.477378e-04
1.335579e-04
1.207388e-04
1.091513e-04
9.867630e-05
8.920645e-05
8.064590e-05
7.290656e-05
6.591118e-05
5.958592e-05
5.386777e-05
4.869950e-05
4.402569e-05
3.980237e-05
3.598343e-05
3.253036e-05
2.940846e-05
2.658734e-05
2.403706e-05
2.172936e-05
1.964559e-05
1.775976e-05
1.605630e-05
1.451583e-05
1.312289e-05
1.186427e-05
1.072573e-05
9.696575e-06
8.766609e-06
7.925025e-06
7.164489e-06
6.478179e-06
5.855624e-06
5.294447e-06
4.785458e-06
4.327429e-06
2.154273e+00
8.819190e-01
2.601616e-01
3.762773e-02
6.517574e-03
5.546207e-03
5.039117e-03
4.578869e-03
4.161052e-03
3.781862e-03
3.437638e-03
3.125084e-03
2.841226e-03
2.583382e-03
2.349124e-03
2.136266e-03
1.942822e-03
1.767001e-03
1.607179e-03
1.461885e-03
1.329785e-03
1.209671e-03
1.100447e-03
1.001120e-03
9.107842e-04
8.286229e-04
7.538343e-04
6.858749e-04
6.240469e-04
5.678015e-04
5.166340e-04
4.700871e-04
4.277366e-04
3.892094e-04
3.541552e-04
3.222628e-04
2.932440e-04
2.668400e-04
2.428174e-04
2.209577e-04
2.010677e-04
1.829691e-04
1.665003e-04
1.515151e-04
1.378788e-04
1.254707e-04
1.141791e-04
1.038610e-04
9.453515e-05
8.602711e-05
7.828723e-05
7.124330e-05
6.483168e-05
5.900009e-05
5.369111e-05
4.886044e-05
4.446464e-05
4.046342e-05
3.682386e-05
3.351027e-05
3.049571e-05
2.775259e-05
2.525583e-05
2.298286e-05
2.091613e-05
1.903382e-05
1.732227e-05
1.576331e-05
1.434519e-05
1.305490e-05
1.188015e-05
1.081247e-05
9.839358e-06
8.953403e-06
8.147944e-06
7.415528e-06
6.748680e-06
6.141418e-06
5.588589e-06
5.086335e-06
4.628111e-06
2.143343e+00
8.875581e-01
2.627422e-01
3.820765e-02
6.376157e-03
5.413170e-03
4.949552e-03
4.525384e-03
4.137164e-03
3.783835e-03
3.461159e-03
3.166014e-03
2.896329e-03
2.649842e-03
2.424517e-03
2.218509e-03
2.030136e-03
1.857865e-03
1.700141e-03
1.556068e-03
1.424234e-03
1.303622e-03
1.193270e-03
1.092293e-03
9.998954e-04
9.153382e-04
8.379531e-04
7.671289e-04
7.023060e-04
6.429730e-04
5.886633e-04
5.389507e-04
4.934433e-04
4.517849e-04
4.136479e-04
3.787354e-04
3.467733e-04
3.175108e-04
2.907217e-04
2.661927e-04
2.437372e-04
2.231770e-04
2.043515e-04
1.871167e-04
1.713345e-04
1.568851e-04
1.436557e-04
1.315412e-04
1.204492e-04
1.102921e-04
1.009931e-04
9.247823e-05
8.468041e-05
7.754207e-05
7.100358e-05
6.501818e-05
5.953589e-05
5.451732e-05
4.992111e-05
4.571339e-05
4.185939e-05
3.833054e-05
3.509962e-05
3.214019e-05
2.943152e-05
2.695077e-05
2.467871e-05
2.259800e-05
2.069359e-05
1.894875e-05
1.735209e-05
1.588922e-05
1.454997e-05
1.332388e-05
1.220032e-05
1.117190e-05
1.023059e-05
9.368277e-06
8.578091e-06
7.855518e-06
7.192759e-06
6.587408e-06
6.031451e-06
5.523304e-06
5.058435e-06
4.631514e-06
2.131941e+00
8.878887e-01
2.652745e-01
3.847346e-02
6.246661e-03
5.272733e-03
4.849818e-03
4.458484e-03
4.101786e-03
3.773281e-03
3.471448e-03
3.194065e-03
2.939104e-03
2.704712e-03
2.489195e-03
2.291006e-03
2.108727e-03
1.941061e-03
1.786820e-03
1.644913e-03
1.514342e-03
1.394193e-03
1.283625e-03
1.181863e-03
1.088205e-03
1.001997e-03
9.226426e-04
8.495937e-04
7.822042e-04
7.203556e-04
6.633637e-04
6.108910e-04
5.625781e-04
5.180935e-04
4.771333e-04
4.394161e-04
4.046868e-04
3.727036e-04
3.432534e-04
3.161325e-04
2.911577e-04
2.681567e-04
2.469748e-04
2.274683e-04
2.095024e-04
1.929575e-04
1.777203e-04
1.636870e-04
1.507611e-04
1.388579e-04
1.278943e-04
1.177974e-04
1.084965e-04
9.993228e-05
9.204280e-05
8.477698e-05
7.808495e-05
7.192088e-05
6.624377e-05
6.101517e-05
5.619968e-05
5.176223e-05
4.767826e-05
4.391450e-05
4.044792e-05
3.725586e-05
3.431607e-05
3.160692e-05
2.911268e-05
2.681492e-05
2.469819e-05
2.274981e-05
2.095366e-05
1.930069e-05
1.777633e-05
1.637440e-05
1.508209e-05
1.389098e-05
1.279554e-05
1.178534e-05
1.085554e-05
9.999020e-06
9.209323e-06
8.482554e-06
7.813776e-06
7.196492e-06
6.628518e-06
6.106421e-06
5.623737e-06
5.179514e-06
2.118887e+00
8.931003e-01
2.681595e-01
3.894135e-02
6.121591e-03
5.128282e-03
4.742994e-03
4.385308e-03
4.056415e-03
3.752219e-03
3.471172e-03
3.211463e-03
2.971430e-03
2.749263e-03
2.544249e-03
2.354166e-03
2.178623e-03
2.016543e-03
1.866520e-03
1.727739e-03
1.599344e-03
1.480551e-03
1.370631e-03
1.268914e-03
1.174784e-03
1.087668e-03
1.007037e-03
9.324089e-04
8.633290e-04
7.993854e-04
7.401916e-04
6.853938e-04
6.346623e-04
5.876959e-04
5.442139e-04
5.039537e-04
4.666788e-04
4.321652e-04
4.002087e-04
3.706192e-04
3.432195e-04
3.178489e-04
2.943560e-04
2.726002e-04
2.524555e-04
2.337996e-04
2.165251e-04
2.005267e-04
1.857122e-04
1.719923e-04
1.592867e-04
1.475205e-04
1.366237e-04
1.265320e-04
1.171873e-04
1.085317e-04
1.005164e-04
9.309240e-05
8.621770e-05
7.985100e-05
7.395418e-05
6.849313e-05
6.343528e-05
5.875103e-05
5.441280e-05
5.039485e-05
4.667433e-05
4.322791e-05
4.003534e-05
3.707990e-05
3.434302e-05
3.180557e-05
2.945827e-05
2.728318e-05
2.526919e-05
2.340263e-05
2.167559e-05
2.007479e-05
1.859313e-05
1.721982e-05
1.594881e-05
1.477158e-05
1.368061e-05
1.267119e-05
1.173494e-05
1.086896e-05
1.006631e-05
9.323223e-06
8.635106e-06
7.997920e-06
7.406636e-06
6.860288e-06
6.354095e-06
5.884469e-06
5.450451e-06
5.047517e-06
2.108001e+00
8.960212e-01
2.702285e-01
3.929922e-02
5.988184e-03
4.979015e-03
4.629102e-03
4.303477e-03
4.001175e-03
3.720470e-03
3.458716e-03
3.217099e-03
2.992149e-03
2.783126e-03
2.588876e-03
2.408330e-03
2.240502e-03
2.084479e-03
1.939415e-03
1.804529e-03
1.679094e-03
1.562438e-03
1.453939e-03
1.353021e-03
1.258721e-03
1.171598e-03
1.090371e-03
1.014801e-03
9.444912e-04
8.790696e-04
8.181985e-04
7.615547e-04
7.087358e-04
6.597293e-04
6.140863e-04
5.716095e-04
5.320771e-04
4.952849e-04
4.610422e-04
4.291714e-04
3.995070e-04
3.718977e-04
3.461976e-04
3.222774e-04
3.000113e-04
2.792862e-04
2.599934e-04
2.420357e-04
2.253190e-04
2.097588e-04
1.952724e-04
1.817889e-04
1.692356e-04
1.575518e-04
1.466733e-04
1.365475e-04
1.271205e-04
1.183449e-04
1.101752e-04
1.025697e-04
9.549040e-05
8.889852e-05
8.276290e-05
7.704933e-05
7.173250e-05
6.678155e-05
6.217206e-05
5.788199e-05
5.388686e-05
5.016787e-05
4.670533e-05
4.348248e-05
4.048195e-05
3.768815e-05
3.508696e-05
3.266635e-05
3.041158e-05
2.831304e-05
2.635937e-05
2.454060e-05
2.284680e-05
2.127026e-05
1.980300e-05
1.843600e-05
1.716400e-05
1.598029e-05
1.487658e-05
1.385059e-05
1.289421e-05
1.200561e-05
1.117626e-05
1.040544e-05
9.687629e-06
9.019360e-06
8.396502e-06
7.816915e-06
7.277967e-06
6.776117e-06
6.307985e-06
5.872578e-06
5.468254e-06
2.096222e+00
8.994269e-01
2.720629e-01
3.962104e-02
5.864466e-03
4.832362e-03
4.515071e-03
4.218262e-03
3.940976e-03
3.682648e-03
3.441478e-03
3.216350e-03
3.006163e-03
2.809898e-03
2.626611e-03
2.455420e-03
2.295510e-03
2.146121e-03
2.006547e-03
1.876133e-03
1.754264e-03
1.640376e-03
1.533933e-03
1.434446e-03
1.341451e-03
1.254522e-03
1.173256e-03
1.097282e-03
1.026252e-03
9.598408e-04
8.977450e-04
8.396822e-04
7.853889e-04
7.346187e-04
6.871405e-04
6.427398e-04
6.012162e-04
5.623835e-04
5.260636e-04
4.920953e-04
4.603252e-04
4.306111e-04
4.028174e-04
3.768208e-04
3.525054e-04
3.297615e-04
3.084866e-04
2.885862e-04
2.699717e-04
2.525590e-04
2.362704e-04
2.210340e-04
2.067803e-04
1.934471e-04
1.809745e-04
1.693057e-04
1.583911e-04
1.481806e-04
1.386278e-04
1.296911e-04
1.213317e-04
1.135113e-04
1.061954e-04
9.935002e-05
9.294739e-05
8.695711e-05
8.135247e-05
7.611007e-05
7.120539e-05
6.661637e-05
6.232392e-05
5.830738e-05
5.455056e-05
5.103499e-05
4.774670e-05
4.466995e-05
4.179177e-05
3.909911e-05
3.657923e-05
3.422265e-05
3.201778e-05
2.995435e-05
2.802530e-05
2.621901e-05
2.452976e-05
2.294937e-05
2.147067e-05
2.008739e-05
1.879298e-05
1.758271e-05
1.644929e-05
1.539018e-05
1.439809e-05
1.347104e-05
1.260282e-05
1.179007e-05
1.103137e-05
1.032118e-05
9.655405e-06
9.033739e-06
8.451405e-06
7.906900e-06
7.397840e-06
6.921047e-06
6.475192e-06
6.057840e-06
5.667474e-06
2.085641e+00
9.039600e-01
2.737936e-01
4.013905e-02
5.746130e-03
4.683293e-03
4.396186e-03
4.126409e-03
3.873522e-03
3.635803e-03
3.413786e-03
3.204644e-03
3.009150e-03
2.825739e-03
2.653661e-03
2.492198e-03
2.340677e-03
2.198472e-03
2.064998e-03
1.939709e-03
1.822091e-03
1.711661e-03
1.608090e-03
1.510702e-03
1.419287e-03
1.333440e-03
1.252818e-03
1.177101e-03
1.105984e-03
1.039187e-03
9.764441e-04
9.175072e-04
8.621419e-04
8.101324e-04
7.612721e-04
7.153687e-04
6.722437e-04
6.317255e-04
5.936568e-04
5.578894e-04
5.242814e-04
4.927043e-04
4.630320e-04
4.351522e-04
4.089534e-04
3.843356e-04
3.612011e-04
3.394630e-04
3.190344e-04
2.998379e-04
2.817972e-04
2.648438e-04
2.489114e-04
2.339381e-04
2.198677e-04
2.066435e-04
1.942162e-04
1.825363e-04
1.715591e-04
1.612438e-04
1.515482e-04
1.424363e-04
1.338726e-04
1.258243e-04
1.182598e-04
1.111506e-04
1.044686e-04
9.818917e-05
9.228664e-05
8.673899e-05
8.152637e-05
7.662526e-05
7.202074e-05
6.769087e-05
6.362278e-05
5.979914e-05
5.620543e-05
5.282815e-05
4.965204e-05
4.666923e-05
4.386393e-05
4.122818e-05
3.875043e-05
3.642197e-05
3.423264e-05
3.217581e-05
3.024275e-05
2.842497e-05
2.671719e-05
2.511188e-05
2.360250e-05
2.218425e-05
2.085127e-05
1.959854e-05
1.842069e-05
1.731416e-05
1.627352e-05
1.529526e-05
1.437689e-05
1.351287e-05
1.270100e-05
1.193749e-05
1.122042e-05
1.054580e-05
9.912875e-06
9.316894e-06
8.757154e-06
8.230801e-06
7.736167e-06
7.271339e-06
6.835052e-06
6.423791e-06
6.038555e-06
2.077235e+00
9.078177e-01
2.756258e-01
4.036449e-02
5.641949e-03
4.533844e-03
4.274724e-03
4.030143e-03
3.799853e-03
3.582986e-03
3.378732e-03
3.186329e-03
3.005065e-03
2.833764e-03
2.673053e-03
2.521396e-03
2.378457e-03
2.243721e-03
2.116706e-03
1.996960e-03
1.884058e-03
1.777536e-03
1.677181e-03
1.582515e-03
1.493234e-03
1.409029e-03
1.329608e-03
1.254498e-03
1.183911e-03
1.117254e-03
1.054372e-03
9.950471e-04
9.390782e-04
8.862721e-04
8.364482e-04
7.894379e-04
7.450803e-04
7.032229e-04
6.637272e-04
6.264563e-04
5.912849e-04
5.580944e-04
5.267724e-04
4.972123e-04
4.693152e-04
4.429875e-04
4.181400e-04
3.946888e-04
3.725551e-04
3.516655e-04
3.319496e-04
3.133407e-04
2.957755e-04
2.791983e-04
2.635498e-04
2.487807e-04
2.348404e-04
2.216804e-04
2.092610e-04
1.975367e-04
1.864705e-04
1.760243e-04
1.661635e-04
1.568573e-04
1.480706e-04
1.397782e-04
1.319488e-04
1.245603e-04
1.175837e-04
1.109998e-04
1.047839e-04
9.891605e-05
9.337745e-05
8.814949e-05
8.321297e-05
7.855395e-05
7.415670e-05
7.000426e-05
6.608511e-05
6.238536e-05
5.889231e-05
5.559544e-05
5.248324e-05
4.954526e-05
4.677173e-05
4.415317e-05
4.168153e-05
3.934809e-05
3.714637e-05
3.506601e-05
3.310347e-05
3.125069e-05
2.950085e-05
2.784985e-05
2.629120e-05
2.481939e-05
2.343026e-05
2.211878e-05
2.088026e-05
1.971238e-05
1.860848e-05
1.756670e-05
1.658425e-05
1.565539e-05
1.477890e-05
1.395213e-05
1.317116e-05
1.243380e-05
1.173781e-05
1.108140e-05
1.046089e-05
9.875736e-06
9.322074e-06
8.800593e-06
8.308329e-06
7.843687e-06
7.403976e-06
6.990187e-06
6.599089e-06
6.228508e-06
2.069479e+00
9.089697e-01
2.771045e-01
4.061023e-02
5.516207e-03
4.388358e-03
4.154869e-03
3.933525e-03
3.724234e-03
3.526316e-03
3.339126e-03
3.162061e-03
2.994552e-03
2.836069e-03
2.686105e-03
2.544190e-03
2.409446e-03
2.281572e-03
2.161760e-03
2.047881e-03
1.940069e-03
1.837992e-03
1.741342e-03
1.649823e-03
1.563156e-03
1.481083e-03
1.403105e-03
1.329520e-03
1.259802e-03
1.193765e-03
1.131212e-03
1.071958e-03
1.015825e-03
9.626487e-04
9.122687e-04
8.644320e-04
8.192508e-04
7.764099e-04
7.358195e-04
6.973577e-04
6.609157e-04
6.263844e-04
5.936625e-04
5.626563e-04
5.332743e-04
5.054313e-04
4.790456e-04
4.540410e-04
4.303444e-04
4.078877e-04
3.866058e-04
3.664367e-04
3.473202e-04
3.292054e-04
3.120355e-04
2.957628e-04
2.803397e-04
2.657228e-04
2.518695e-04
2.387381e-04
2.262930e-04
2.144971e-04
2.033175e-04
1.927203e-04
1.826769e-04
1.731560e-04
1.641334e-04
1.555805e-04
1.474738e-04
1.397898e-04
1.325070e-04
1.256031e-04
1.190591e-04
1.128571e-04
1.069774e-04
1.014051e-04
9.612255e-05
9.111613e-05
8.636949e-05
8.187078e-05
7.760684e-05
7.356456e-05
6.973304e-05
6.610160e-05
6.265832e-05
5.939548e-05
5.630219e-05
5.336963e-05
5.059108e-05
4.795570e-05
4.545872e-05
4.309148e-05
4.084690e-05
3.872099e-05
3.670373e-05
3.479275e-05
3.298118e-05
3.126349e-05
2.963534e-05
2.809273e-05
2.662942e-05
2.524359e-05
2.392843e-05
2.268253e-05
2.150198e-05
2.038177e-05
1.932132e-05
1.831480e-05
1.736095e-05
1.645758e-05
1.560014e-05
1.478819e-05
1.401835e-05
1.328796e-05
1.259636e-05
1.194085e-05
1.131885e-05
1.072990e-05
1.017042e-05
9.641415e-06
9.139442e-06
8.663473e-06
8.212379e-06
7.784941e-06
7.379201e-06
6.995568e-06
6.631445e-06
6.285839e-06
2.059380e+00
9.112977e-01
2.792223e-01
4.088512e-02
5.402053e-03
4.238445e-03
4.028673e-03
3.829122e-03
3.639685e-03
3.459830e-03
3.289049e-03
3.126869e-03
2.972837e-03
2.826530e-03
2.687548e-03
2.555508e-03
2.430428e-03
2.311070e-03
2.197785e-03
2.090125e-03
1.987805e-03
1.890554e-03
1.798113e-03
1.710241e-03
1.626706e-03
1.547291e-03
1.471711e-03
1.399654e-03
1.331532e-03
1.266640e-03
1.204934e-03
1.145982e-03
1.090272e-03
1.037212e-03
9.867517e-04
9.386462e-04
8.930529e-04
8.496417e-04
8.083507e-04
7.690756e-04
7.317184e-04
6.961822e-04
6.623794e-04
6.302241e-04
5.996355e-04
5.705368e-04
5.428545e-04
5.165204e-04
4.914665e-04
4.676363e-04
4.449589e-04
4.234659e-04
4.029269e-04
3.833956e-04
3.648138e-04
3.471341e-04
3.303136e-04
3.143088e-04
2.990819e-04
2.845928e-04
2.708074e-04
2.576912e-04
2.452100e-04
2.333351e-04
2.220368e-04
2.112845e-04
2.010544e-04
1.913207e-04
1.820323e-04
1.732301e-04
1.648440e-04
1.568648e-04
1.492721e-04
1.420464e-04
1.351721e-04
1.286301e-04
1.224047e-04
1.164810e-04
1.108439e-04
1.054810e-04
1.003764e-04
9.551915e-05
9.089751e-05
8.649940e-05
8.231362e-05
7.833193e-05
7.454114e-05
7.093602e-05
6.750291e-05
6.423794e-05
6.113019e-05
5.817273e-05
5.535826e-05
5.268103e-05
5.013196e-05
4.770697e-05
4.539960e-05
4.320265e-05
4.111368e-05
3.912465e-05
3.723200e-05
3.543163e-05
3.371715e-05
3.208616e-05
3.053503e-05
2.905730e-05
2.765223e-05
2.631467e-05
2.504182e-05
2.383072e-05
2.267846e-05
2.158055e-05
2.053820e-05
1.954405e-05
1.859867e-05
1.769896e-05
1.684343e-05
1.602863e-05
1.525370e-05
1.451535e-05
1.381373e-05
1.314560e-05
1.251019e-05
1.190486e-05
1.132904e-05
1.078074e-05
1.025973e-05
9.763589e-06
9.291781e-06
8.842085e-06
8.413561e-06
8.007829e-06
7.620197e-06
7.251509e-06
6.900996e-06
6.567073e-06
2.053075e+00
9.161880e-01
2.810595e-01
4.125547e-02
5.296156e-03
4.088537e-03
3.900630e-03
3.721267e-03
3.550353e-03
3.386757e-03
3.231338e-03
3.083527e-03
2.942498e-03
2.808042e-03
2.679842e-03
2.557017e-03
2.440392e-03
2.329339e-03
2.223324e-03
2.122202e-03
2.025743e-03
1.933725e-03
1.846203e-03
1.762315e-03
1.682398e-03
1.606144e-03
1.533380e-03
1.463947e-03
1.397686e-03
1.334451e-03
1.274101e-03
1.216502e-03
1.161527e-03
1.109054e-03
1.058969e-03
1.011160e-03
9.655241e-04
9.219603e-04
8.803722e-04
8.406716e-04
8.027705e-04
7.665869e-04
7.320406e-04
6.990604e-04
6.675710e-04
6.375065e-04
6.088010e-04
5.813933e-04
5.552241e-04
5.302365e-04
5.063764e-04
4.835952e-04
4.618404e-04
4.410682e-04
4.212320e-04
4.022905e-04
3.842028e-04
3.669300e-04
3.504364e-04
3.346847e-04
3.196435e-04
3.052788e-04
2.915618e-04
2.784607e-04
2.659507e-04
2.540034e-04
2.425935e-04
2.316968e-04
2.212899e-04
2.113521e-04
2.018599e-04
1.927954e-04
1.841381e-04
1.758701e-04
1.679747e-04
1.604319e-04
1.532300e-04
1.463512e-04
1.397807e-04
1.335070e-04
1.275138e-04
1.217902e-04
1.163239e-04
1.111033e-04
1.061165e-04
1.013542e-04
9.680553e-05
9.246129e-05
8.831169e-05
8.434918e-05
8.056393e-05
7.694908e-05
7.349586e-05
7.019847e-05
6.704851e-05
6.403996e-05
6.116677e-05
5.842273e-05
5.580113e-05
5.329746e-05
5.090653e-05
4.862279e-05
4.644076e-05
4.435785e-05
4.236765e-05
4.046645e-05
3.865199e-05
3.691735e-05
3.526166e-05
3.367969e-05
3.216889e-05
3.072526e-05
2.934797e-05
2.803064e-05
2.677364e-05
2.557243e-05
2.442506e-05
2.333005e-05
2.228319e-05
2.128421e-05
2.032911e-05
1.941668e-05
1.854597e-05
1.771452e-05
1.691970e-05
1.616083e-05
1.543606e-05
1.474344e-05
1.408242e-05
1.345027e-05
1.284699e-05
1.227111e-05
1.172048e-05
1.119477e-05
1.069327e-05
1.021292e-05
9.755400e-06
9.316932e-06
8.899828e-06
8.500608e-06
8.119074e-06
7.754937e-06
7.407434e-06
7.074964e-06
6.757228e-06
2.048343e+00
9.172399e-01
2.816279e-01
4.153807e-02
5.171433e-03
3.931160e-03
3.763696e-03
3.603294e-03
3.449902e-03
3.303203e-03
3.162888e-03
3.028668e-03
2.900266e-03
2.777419e-03
2.659878e-03
2.547405e-03
2.439772e-03
2.336765e-03
2.238179e-03
2.143815e-03
2.053490e-03
1.967025e-03
1.884250e-03
1.805003e-03
1.729132e-03
1.656487e-03
1.586929e-03
1.520324e-03
1.456543e-03
1.395407e-03
1.336917e-03
1.280901e-03
1.227252e-03
1.175869e-03
1.126655e-03
1.079517e-03
1.034364e-03
9.911142e-04
9.495178e-04
9.098947e-04
8.718811e-04
8.354647e-04
8.005780e-04
7.671552e-04
7.351361e-04
7.044592e-04
6.750693e-04
6.469103e-04
6.199315e-04
5.940818e-04
5.693152e-04
5.455843e-04
5.228466e-04
5.010598e-04
4.801839e-04
4.601802e-04
4.410123e-04
4.226465e-04
4.050459e-04
3.881810e-04
3.719429e-04
3.564939e-04
3.416553e-04
3.274362e-04
3.138091e-04
3.007515e-04
2.882378e-04
2.762453e-04
2.647535e-04
2.537401e-04
2.431859e-04
2.330717e-04
2.233778e-04
2.140887e-04
2.051853e-04
1.966535e-04
1.884776e-04
1.806404e-04
1.731307e-04
1.659334e-04
1.590350e-04
1.524243e-04
1.460887e-04
1.400158e-04
1.341969e-04
1.286189e-04
1.232735e-04
1.181505e-04
1.132406e-04
1.085348e-04
1.040243e-04
9.970207e-05
9.555829e-05
9.158872e-05
8.778308e-05
8.413511e-05
8.064030e-05
7.728917e-05
7.407835e-05
7.100052e-05
6.805169e-05
6.522352e-05
6.251443e-05
5.991750e-05
5.742798e-05
5.504304e-05
5.275575e-05
5.056508e-05
4.846392e-05
4.645108e-05
4.452194e-05
4.267206e-05
4.089990e-05
3.920087e-05
3.757282e-05
3.601234e-05
3.451683e-05
3.308242e-05
3.170885e-05
3.039175e-05
2.912982e-05
2.791910e-05
2.676063e-05
2.564830e-05
2.458331e-05
2.356246e-05
2.258385e-05
2.164587e-05
2.074703e-05
1.988539e-05
1.905867e-05
1.826847e-05
1.750875e-05
1.678262e-05
1.608460e-05
1.541716e-05
1.477672e-05
1.416341e-05
1.357469e-05
1.301130e-05
1.247071e-05
1.195308e-05
1.145651e-05
1.098126e-05
1.052453e-05
1.008764e-05
9.668775e-06
9.267522e-06
8.882207e-06
8.513878e-06
8.160051e-06
7.820921e-06
7.496200e-06
7.185193e-06
6.886681e-06
2.040983e+00
9.206880e-01
2.827884e-01
4.174396e-02
5.050500e-03
3.777472e-03
3.629044e-03
3.485958e-03
3.348664e-03
3.216917e-03
3.090483e-03
2.969487e-03
2.852927e-03
2.741111e-03
2.633770e-03
2.530715e-03
2.431772e-03
2.336767e-03
2.245328e-03
2.157452e-03
2.073391e-03
1.992605e-03
1.915014e-03
1.840487e-03
1.768901e-03
1.700136e-03
1.634078e-03
1.570617e-03
1.509650e-03
1.451075e-03
1.394798e-03
1.340726e-03
1.288803e-03
1.238866e-03
1.190894e-03
1.144795e-03
1.100496e-03
1.057925e-03
1.017014e-03
9.776957e-04
9.399089e-04
9.035930e-04
8.686458e-04
8.351413e-04
8.028981e-04
7.719067e-04
7.421173e-04
7.134845e-04
6.859624e-04
6.595065e-04
6.340761e-04
6.096308e-04
5.861319e-04
5.635424e-04
5.418279e-04
5.209531e-04
5.008843e-04
4.815929e-04
4.630468e-04
4.452171e-04
4.280759e-04
4.115970e-04
3.957540e-04
3.805225e-04
3.658795e-04
3.518010e-04
3.382657e-04
3.252518e-04
3.127412e-04
3.007108e-04
2.891458e-04
2.780263e-04
2.672854e-04
2.570287e-04
2.471469e-04
2.376450e-04
2.285088e-04
2.197248e-04
2.112791e-04
2.031585e-04
1.953507e-04
1.878422e-04
1.806242e-04
1.736827e-04
1.670101e-04
1.605912e-04
1.544222e-04
1.484888e-04
1.427842e-04
1.372988e-04
1.320243e-04
1.269527e-04
1.220763e-04
1.173866e-04
1.128783e-04
1.085427e-04
1.043732e-04
1.003657e-04
9.651003e-05
9.280444e-05
8.923968e-05
8.581302e-05
8.251797e-05
7.934889e-05
7.630167e-05
7.337204e-05
7.055491e-05
6.784548e-05
6.524027e-05
6.273558e-05
6.032723e-05
5.801058e-05
5.578282e-05
5.364170e-05
5.158215e-05
4.960142e-05
4.769780e-05
4.586585e-05
4.410592e-05
4.241220e-05
4.078429e-05
3.921812e-05
3.771328e-05
3.626484e-05
3.487294e-05
3.353448e-05
3.224672e-05
3.100933e-05
2.981861e-05
2.867412e-05
2.757358e-05
2.651489e-05
2.549732e-05
2.451876e-05
2.357738e-05
2.267209e-05
2.180187e-05
2.096567e-05
2.016080e-05
1.938634e-05
1.864294e-05
1.792668e-05
1.723927e-05
1.657711e-05
1.594049e-05
1.532942e-05
1.474081e-05
1.417480e-05
1.363126e-05
1.310730e-05
1.260468e-05
1.212105e-05
1.165557e-05
1.120816e-05
1.077839e-05
1.036454e-05
9.966036e-06
9.584015e-06
9.216264e-06
8.862516e-06
8.522361e-06
8.195289e-06
7.881139e-06
7.577881e-06
7.287387e-06
2.033897e+00
9.233956e-01
2.845650e-01
4.207700e-02
4.953772e-03
3.628682e-03
3.496672e-03
3.369434e-03
3.246872e-03
3.128907e-03
3.015339e-03
2.905640e-03
2.800403e-03
2.699034e-03
2.601494e-03
2.507469e-03
2.416922e-03
2.329709e-03
2.245702e-03
2.164781e-03
2.086826e-03
2.011726e-03
1.939373e-03
1.869662e-03
1.802494e-03
1.737776e-03
1.675412e-03
1.615316e-03
1.557405e-03
1.501594e-03
1.447808e-03
1.395971e-03
1.346010e-03
1.297856e-03
1.251443e-03
1.206705e-03
1.163583e-03
1.122016e-03
1.081945e-03
1.043319e-03
1.006083e-03
9.701866e-04
9.355805e-04
9.022172e-04
8.700527e-04
8.390430e-04
8.091449e-04
7.803193e-04
7.525197e-04
7.257248e-04
7.000908e-04
6.749391e-04
6.509614e-04
6.277996e-04
6.054654e-04
5.839309e-04
5.631642e-04
5.431393e-04
5.238311e-04
5.052101e-04
4.872546e-04
4.699396e-04
4.532421e-04
4.371403e-04
4.216114e-04
4.066367e-04
3.921956e-04
3.782681e-04
3.648379e-04
3.518850e-04
3.393936e-04
3.273463e-04
3.157281e-04
3.045235e-04
2.937165e-04
2.832951e-04
2.732434e-04
2.635495e-04
2.541998e-04
2.451826e-04
2.364861e-04
2.280988e-04
2.200090e-04
2.122071e-04
2.046817e-04
1.974238e-04
1.904238e-04
1.836724e-04
1.771605e-04
1.708800e-04
1.648226e-04
1.589795e-04
1.533443e-04
1.479088e-04
1.426665e-04
1.376107e-04
1.327332e-04
1.280288e-04
1.234922e-04
1.191156e-04
1.148947e-04
1.108239e-04
1.068970e-04
1.031089e-04
9.945565e-05
9.593209e-05
9.253344e-05
8.925473e-05
8.609288e-05
8.304269e-05
8.010104e-05
7.726293e-05
7.452632e-05
7.188657e-05
6.933941e-05
6.688361e-05
6.451470e-05
6.222931e-05
6.002485e-05
5.789955e-05
5.584808e-05
5.387046e-05
5.196195e-05
5.012166e-05
4.834694e-05
4.663438e-05
4.498259e-05
4.338999e-05
4.185322e-05
4.037053e-05
3.894105e-05
3.756210e-05
3.623184e-05
3.494843e-05
3.371091e-05
3.251760e-05
3.136604e-05
3.025451e-05
2.918385e-05
2.815024e-05
2.715343e-05
2.619202e-05
2.526421e-05
2.436958e-05
2.350687e-05
2.267449e-05
2.187145e-05
2.109693e-05
2.035010e-05
1.962952e-05
1.893412e-05
1.826389e-05
1.761725e-05
1.699339e-05
1.639174e-05
1.581123e-05
1.525180e-05
1.471125e-05
1.419052e-05
1.368847e-05
1.320346e-05
1.273582e-05
1.228506e-05
1.185012e-05
1.143044e-05
1.102563e-05
1.063560e-05
1.025851e-05
9.895530e-06
9.545291e-06
9.207390e-06
8.881314e-06
8.566386e-06
8.263703e-06
7.970923e-06
7.688495e-06
7.416791e-06
2.030588e+00
9.269614e-01
2.865160e-01
4.238947e-02
4.863560e-03
3.481816e-03
3.364576e-03
3.251136e-03
3.142185e-03
3.036968e-03
2.935370e-03
2.837261e-03
2.742512e-03
2.651006e-03
2.562624e-03
2.477256e-03
2.395347e-03
2.315567e-03
2.238575e-03
2.164214e-03
2.092369e-03
2.022953e-03
1.956309e-03
1.890894e-03
1.828446e-03
1.767924e-03
1.709436e-03
1.652912e-03
1.598283e-03
1.545256e-03
1.494281e-03
1.444962e-03
1.397290e-03
1.351211e-03
1.306667e-03
1.263610e-03
1.221984e-03
1.181746e-03
1.142845e-03
1.105237e-03
1.068879e-03
1.033727e-03
9.997406e-04
9.668821e-04
9.351112e-04
9.043939e-04
8.746916e-04
8.459734e-04
8.182038e-04
7.913527e-04
7.653876e-04
7.402809e-04
7.160020e-04
6.925249e-04
6.698216e-04
6.478670e-04
6.266350e-04
6.061033e-04
5.862477e-04
5.670456e-04
5.484754e-04
5.305157e-04
5.131471e-04
4.963496e-04
4.801039e-04
4.643924e-04
4.491967e-04
4.344999e-04
4.202867e-04
4.065388e-04
3.932423e-04
3.803832e-04
3.679447e-04
3.559146e-04
3.442794e-04
3.330246e-04
3.221399e-04
3.116113e-04
3.014275e-04
2.915778e-04
2.820501e-04
2.728355e-04
2.639213e-04
2.553000e-04
2.469606e-04
2.388942e-04
2.310915e-04
2.235446e-04
2.162444e-04
2.091824e-04
2.023528e-04
1.957456e-04
1.893543e-04
1.831728e-04
1.771929e-04
1.714084e-04
1.658129e-04
1.604005e-04
1.551653e-04
1.501013e-04
1.452019e-04
1.404632e-04
1.358797e-04
1.314454e-04
1.271557e-04
1.230065e-04
1.189932e-04
1.151104e-04
1.113545e-04
1.077212e-04
1.042070e-04
1.008075e-04
9.751825e-05
9.433696e-05
9.125974e-05
8.828268e-05
8.540256e-05
8.261721e-05
7.992187e-05
7.731516e-05
7.479350e-05
7.235356e-05
6.999404e-05
6.771071e-05
6.550267e-05
6.336619e-05
6.129979e-05
5.930035e-05
5.736608e-05
5.549561e-05
5.368574e-05
5.193504e-05
5.024145e-05
4.860317e-05
4.701801e-05
4.548409e-05
4.400199e-05
4.256655e-05
4.117853e-05
3.983612e-05
3.853698e-05
3.728026e-05
3.606453e-05
3.488866e-05
3.375120e-05
3.265081e-05
3.158658e-05
3.055583e-05
2.955990e-05
2.859638e-05
2.766367e-05
2.676149e-05
2.588946e-05
2.504521e-05
2.422859e-05
2.343818e-05
2.267476e-05
2.193510e-05
2.121998e-05
2.052801e-05
1.985910e-05
1.921160e-05
1.858522e-05
1.797929e-05
1.739267e-05
1.682653e-05
1.627738e-05
1.574695e-05
1.523319e-05
1.473675e-05
1.425626e-05
1.379171e-05
1.334166e-05
1.290709e-05
1.248653e-05
1.207867e-05
1.168555e-05
1.130485e-05
1.093583e-05
1.057953e-05
1.023426e-05
9.901132e-06
9.577571e-06
9.266327e-06
8.963743e-06
8.671459e-06
8.388945e-06
8.115386e-06
7.850818e-06
7.594660e-06
2.029145e+00
9.283495e-01
2.879472e-01
4.252565e-02
4.736540e-03
3.314595e-03
3.211690e-03
3.112562e-03
3.016587e-03
2.923657e-03
2.833035e-03
2.746164e-03
2.661788e-03
2.580070e-03
2.499556e-03
2.423437e-03
2.349207e-03
2.277301e-03
2.206772e-03
2.139686e-03
2.074324e-03
2.010997e-03
1.949640e-03
1.890190e-03
1.832586e-03
1.776766e-03
1.722677e-03
1.670260e-03
1.619462e-03
1.570233e-03
1.522524e-03
1.476282e-03
1.431466e-03
1.388028e-03
1.345925e-03
1.304946e-03
1.265430e-03
1.227089e-03
1.189924e-03
1.153896e-03
1.118970e-03
1.085112e-03
1.052290e-03
1.020374e-03
9.895679e-04
9.596614e-04
9.306662e-04
9.025544e-04
8.752990e-04
8.488733e-04
8.232519e-04
7.984088e-04
7.743214e-04
7.509654e-04
7.283186e-04
7.064556e-04
6.851228e-04
6.644740e-04
6.444514e-04
6.250357e-04
6.062083e-04
5.879512e-04
5.702467e-04
5.530779e-04
5.364289e-04
5.202836e-04
5.046260e-04
4.894417e-04
4.747170e-04
4.604370e-04
4.465879e-04
4.331569e-04
4.201321e-04
4.075004e-04
3.952489e-04
3.833676e-04
3.718451e-04
3.606699e-04
3.498307e-04
3.392711e-04
3.290816e-04
3.191957e-04
3.096070e-04
3.003070e-04
2.912878e-04
2.825394e-04
2.740549e-04
2.658259e-04
2.578443e-04
2.501027e-04
2.425946e-04
2.353119e-04
2.282482e-04
2.213977e-04
2.147523e-04
2.083078e-04
2.020561e-04
1.959925e-04
1.901120e-04
1.844072e-04
1.788744e-04
1.735077e-04
1.683018e-04
1.632536e-04
1.583562e-04
1.536059e-04
1.489983e-04
1.445293e-04
1.401942e-04
1.359899e-04
1.319112e-04
1.279552e-04
1.241183e-04
1.203959e-04
1.167854e-04
1.132837e-04
1.098873e-04
1.065921e-04
1.033964e-04
1.002960e-04
9.728575e-05
9.437031e-05
9.154127e-05
8.879697e-05
8.613505e-05
8.355295e-05
8.104815e-05
7.861848e-05
7.626221e-05
7.397589e-05
7.175885e-05
6.960758e-05
6.753368e-05
6.550703e-05
6.354325e-05
6.163937e-05
5.979171e-05
5.799977e-05
5.626154e-05
5.457537e-05
5.293974e-05
5.135331e-05
4.981439e-05
4.832128e-05
4.687337e-05
4.546870e-05
4.410650e-05
4.278431e-05
4.150243e-05
4.025837e-05
3.905247e-05
3.788194e-05
3.674715e-05
3.564598e-05
3.457751e-05
3.354177e-05
3.253654e-05
3.156185e-05
3.061617e-05
2.969843e-05
2.880898e-05
2.794539e-05
2.710861e-05
2.629609e-05
2.550863e-05
2.474353e-05
2.400252e-05
2.328361e-05
2.258598e-05
2.190912e-05
2.125264e-05
2.061631e-05
1.999814e-05
1.939914e-05
1.881810e-05
1.825397e-05
1.770754e-05
1.717694e-05
1.666206e-05
1.616294e-05
1.567929e-05
1.520872e-05
1.475372e-05
1.431091e-05
1.388281e-05
1.346693e-05
1.306308e-05
1.267242e-05
1.229225e-05
1.192404e-05
1.156672e-05
1.122020e-05
1.088436e-05
1.055802e-05
1.024183e-05
9.935233e-06
9.637508e-06
9.348609e-06
9.068495e-06
8.797010e-06
8.533351e-06
8.277819e-06
8.029765e-06
7.789548e-06
2.025283e+00
9.304983e-01
2.888021e-01
4.271490e-02
4.615159e-03
3.146527e-03
3.057429e-03
2.970793e-03
2.886689e-03
2.805040e-03
2.725768e-03
2.648802e-03
2.574070e-03
2.501503e-03
2.430528e-03
2.362191e-03
2.295744e-03
2.231212e-03
2.168535e-03
2.107659e-03
2.048529e-03
1.991093e-03
1.935301e-03
1.880850e-03
1.828260e-03
1.777115e-03
1.727428e-03
1.679154e-03
1.632252e-03
1.586453e-03
1.542241e-03
1.499224e-03
1.456930e-03
1.416445e-03
1.377004e-03
1.338659e-03
1.301380e-03
1.265526e-03
1.230197e-03
1.195990e-03
1.162746e-03
1.130437e-03
1.099036e-03
1.068516e-03
1.038853e-03
1.010022e-03
9.819996e-04
9.547613e-04
9.282867e-04
9.025522e-04
8.775375e-04
8.532226e-04
8.295864e-04
8.066110e-04
7.842768e-04
7.625653e-04
7.414601e-04
7.209427e-04
7.009975e-04
6.815925e-04
6.628314e-04
6.444824e-04
6.266663e-04
6.093443e-04
5.925052e-04
5.761336e-04
5.602171e-04
5.447424e-04
5.296978e-04
5.150705e-04
5.008489e-04
4.870231e-04
4.735791e-04
4.605095e-04
4.478014e-04
4.354452e-04
4.234319e-04
4.117510e-04
4.003941e-04
3.893516e-04
3.786145e-04
3.681746e-04
3.579544e-04
3.480981e-04
3.385028e-04
3.291727e-04
3.201003e-04
3.112792e-04
3.027015e-04
2.943611e-04
2.862164e-04
2.783460e-04
2.706783e-04
2.632222e-04
2.559727e-04
2.489228e-04
2.420675e-04
2.354016e-04
2.289196e-04
2.226167e-04
2.164876e-04
2.105274e-04
2.047318e-04
1.990960e-04
1.936159e-04
1.882861e-04
1.831047e-04
1.780647e-04
1.731646e-04
1.683988e-04
1.637651e-04
1.592588e-04
1.548770e-04
1.506153e-04
1.464714e-04
1.424416e-04
1.385231e-04
1.347121e-04
1.310067e-04
1.274025e-04
1.238982e-04
1.204899e-04
1.171761e-04
1.139531e-04
1.108190e-04
1.077716e-04
1.047781e-04
1.018999e-04
9.909758e-05
9.637261e-05
9.372220e-05
9.114500e-05
8.863910e-05
8.620137e-05
8.383136e-05
8.152632e-05
7.928450e-05
7.710485e-05
7.498502e-05
7.292308e-05
7.091830e-05
6.896890e-05
6.707212e-05
6.522954e-05
6.343509e-05
6.169197e-05
5.999585e-05
5.834629e-05
5.674260e-05
5.518293e-05
5.366598e-05
5.219051e-05
5.075635e-05
4.936123e-05
4.800455e-05
4.668453e-05
4.540166e-05
4.415404e-05
4.294014e-05
4.175969e-05
4.061241e-05
3.949632e-05
3.841029e-05
3.735494e-05
3.632832e-05
3.532983e-05
3.435877e-05
3.341458e-05
3.249632e-05
3.160326e-05
3.073457e-05
2.988986e-05
2.906881e-05
2.826979e-05
2.749257e-05
2.673728e-05
2.600277e-05
2.528805e-05
2.459290e-05
2.391740e-05
2.326015e-05
2.262084e-05
2.199892e-05
2.139506e-05
2.080658e-05
2.023497e-05
1.967903e-05
1.913872e-05
1.861190e-05
1.810110e-05
1.760322e-05
1.712026e-05
1.664932e-05
1.619158e-05
1.574699e-05
1.531445e-05
1.489358e-05
1.448408e-05
1.408613e-05
1.369923e-05
1.332295e-05
1.295649e-05
1.260086e-05
1.225444e-05
1.191773e-05
1.159050e-05
1.127168e-05
1.096254e-05
1.066042e-05
1.036800e-05
1.008315e-05
9.806053e-06
9.536604e-06
9.274978e-06
9.019202e-06
8.772265e-06
8.530832e-06
8.296833e-06
8.068155e-06
7.847064e-06
2.020734e+00
9.312774e-01
2.900981e-01
4.293722e-02
4.498837e-03
2.984677e-03
2.906348e-03
2.830891e-03
2.757457e-03
2.685989e-03
2.616431e-03
2.547838e-03
2.481789e-03
2.417945e-03
2.355519e-03
2.294747e-03
2.235820e-03
2.178123e-03
2.122042e-03
2.067438e-03
2.013995e-03
1.962267e-03
1.911864e-03
1.862785e-03
1.814992e-03
1.768448e-03
1.723123e-03
1.678981e-03
1.635991e-03
1.594122e-03
1.553342e-03
1.513625e-03
1.474939e-03
1.437258e-03
1.400555e-03
1.364803e-03
1.329978e-03
1.296054e-03
1.263008e-03
1.230816e-03
1.199436e-03
1.169301e-03
1.139180e-03
1.110256e-03
1.082003e-03
1.054478e-03
1.027662e-03
1.001535e-03
9.760791e-04
9.512816e-04
9.271139e-04
9.035685e-04
8.806273e-04
8.582733e-04
8.364921e-04
8.152689e-04
7.945885e-04
7.744372e-04
7.548013e-04
7.356989e-04
7.170523e-04
6.988822e-04
6.811761e-04
6.639215e-04
6.471081e-04
6.307220e-04
6.147551e-04
5.991933e-04
5.840294e-04
5.692510e-04
5.548481e-04
5.408129e-04
5.271343e-04
5.138040e-04
5.008113e-04
4.881505e-04
4.758104e-04
4.637838e-04
4.520634e-04
4.406402e-04
4.295068e-04
4.186559e-04
4.080805e-04
3.977730e-04
3.877280e-04
3.779368e-04
3.683942e-04
3.590930e-04
3.500283e-04
3.411922e-04
3.325807e-04
3.241873e-04
3.160066e-04
3.080322e-04
3.002600e-04
2.926848e-04
2.853015e-04
2.781043e-04
2.710901e-04
2.642521e-04
2.575878e-04
2.510925e-04
2.447606e-04
2.385888e-04
2.325736e-04
2.267099e-04
2.209940e-04
2.154242e-04
2.099935e-04
2.047003e-04
1.995411e-04
1.945119e-04
1.896101e-04
1.848320e-04
1.801738e-04
1.756346e-04
1.712088e-04
1.668502e-04
1.626626e-04
1.585649e-04
1.545703e-04
1.506763e-04
1.468807e-04
1.431810e-04
1.395746e-04
1.360586e-04
1.326324e-04
1.292917e-04
1.260358e-04
1.228615e-04
1.197670e-04
1.167517e-04
1.138117e-04
1.109454e-04
1.081521e-04
1.054289e-04
1.027746e-04
1.001866e-04
9.766472e-05
9.520562e-05
9.280813e-05
9.047226e-05
8.819455e-05
8.597466e-05
8.380983e-05
8.170029e-05
7.964428e-05
7.763866e-05
7.568493e-05
7.377962e-05
7.192254e-05
7.011212e-05
6.834805e-05
6.662705e-05
6.495065e-05
6.331619e-05
6.172206e-05
6.016877e-05
5.865483e-05
5.717863e-05
5.573986e-05
5.433691e-05
5.296949e-05
5.163632e-05
5.033742e-05
4.907068e-05
4.783531e-05
4.663208e-05
4.545828e-05
4.431494e-05
4.319943e-05
4.211288e-05
4.105259e-05
4.002003e-05
3.901298e-05
3.803173e-05
3.707424e-05
3.614206e-05
3.523229e-05
3.434555e-05
3.348197e-05
3.263949e-05
3.181794e-05
3.101775e-05
3.023701e-05
2.947645e-05
2.873497e-05
2.801231e-05
2.730707e-05
2.662010e-05
2.595069e-05
2.529762e-05
2.466116e-05
2.404077e-05
2.343630e-05
2.284603e-05
2.227213e-05
2.171115e-05
2.116514e-05
2.063291e-05
2.011362e-05
1.960795e-05
1.911424e-05
1.863358e-05
1.816499e-05
1.770821e-05
1.726244e-05
1.682807e-05
1.640457e-05
1.599242e-05
1.558992e-05
1.519808e-05
1.481545e-05
1.444259e-05
1.407947e-05
1.372547e-05
1.338021e-05
1.304327e-05
1.271532e-05
1.239542e-05
1.208386e-05
1.177955e-05
1.148364e-05
1.119481e-05
1.091289e-05
1.063843e-05
1.037069e-05
1.011051e-05
9.855468e-06
9.607698e-06
9.366465e-06
9.130699e-06
8.900749e-06
8.676794e-06
8.458806e-06
8.246085e-06
8.038243e-06
2.016918e+00
9.353687e-01
2.910202e-01
4.340120e-02
4.395078e-03
2.817463e-03
2.750664e-03
2.684618e-03
2.621008e-03
2.558873e-03
2.498258e-03
2.439125e-03
2.381757e-03
2.325310e-03
2.270047e-03
2.216519e-03
2.164428e-03
2.113352e-03
2.063567e-03
2.014983e-03
1.967572e-03
1.921303e-03
1.876147e-03
1.832077e-03
1.788261e-03
1.746653e-03
1.705689e-03
1.665704e-03
1.626676e-03
1.588580e-03
1.551393e-03
1.515093e-03
1.479657e-03
1.445065e-03
1.411296e-03
1.378329e-03
1.346145e-03
1.314723e-03
1.283850e-03
1.253991e-03
1.224754e-03
1.196206e-03
1.168335e-03
1.141121e-03
1.114549e-03
1.088699e-03
1.063330e-03
1.038593e-03
1.014438e-03
9.908508e-04
9.678193e-04
9.453287e-04
9.233666e-04
9.019202e-04
8.809769e-04
8.605253e-04
8.405530e-04
8.210481e-04
8.016367e-04
7.831977e-04
7.650366e-04
7.469929e-04
7.297979e-04
7.128858e-04
6.963678e-04
6.802354e-04
6.643268e-04
6.490117e-04
6.339846e-04
6.193086e-04
6.049738e-04
5.909739e-04
5.772127e-04
5.638900e-04
5.508469e-04
5.381071e-04
5.256635e-04
5.135097e-04
5.016387e-04
4.900435e-04
4.787175e-04
4.676554e-04
4.568499e-04
4.462949e-04
4.359857e-04
4.259150e-04
4.160795e-04
4.064710e-04
3.970856e-04
3.879177e-04
3.789628e-04
3.702153e-04
3.616707e-04
3.533240e-04
3.451709e-04
3.372063e-04
3.294266e-04
3.218552e-04
3.144179e-04
3.071657e-04
3.000812e-04
2.931609e-04
2.864003e-04
2.797964e-04
2.733449e-04
2.670430e-04
2.608872e-04
2.548728e-04
2.489979e-04
2.432591e-04
2.376526e-04
2.321755e-04
2.268250e-04
2.215983e-04
2.164924e-04
2.115043e-04
2.066308e-04
2.018710e-04
1.972207e-04
1.926776e-04
1.882389e-04
1.839038e-04
1.796678e-04
1.755298e-04
1.714875e-04
1.675578e-04
1.636934e-04
1.599248e-04
1.562422e-04
1.526450e-04
1.491302e-04
1.456967e-04
1.423423e-04
1.390661e-04
1.358640e-04
1.327367e-04
1.296813e-04
1.266959e-04
1.237799e-04
1.209313e-04
1.181477e-04
1.154284e-04
1.127716e-04
1.101766e-04
1.076409e-04
1.051643e-04
1.027440e-04
1.003796e-04
9.806998e-05
9.581354e-05
9.360867e-05
9.145502e-05
8.935018e-05
8.729535e-05
8.528653e-05
8.332406e-05
8.140728e-05
7.953464e-05
7.770463e-05
7.591700e-05
7.417090e-05
7.246437e-05
7.079796e-05
6.916872e-05
6.757823e-05
6.602359e-05
6.450451e-05
6.302121e-05
6.157141e-05
6.015544e-05
5.877213e-05
5.741962e-05
5.609956e-05
5.480944e-05
5.354847e-05
5.231734e-05
5.111335e-05
4.993860e-05
4.879000e-05
4.766764e-05
4.657148e-05
4.550079e-05
4.445411e-05
4.343218e-05
4.243292e-05
4.145757e-05
4.050385e-05
3.957284e-05
3.866250e-05
3.777373e-05
3.690500e-05
3.605643e-05
3.522735e-05
3.441742e-05
3.362598e-05
3.285235e-05
3.209766e-05
3.135916e-05
3.063858e-05
2.993371e-05
2.924527e-05
2.857346e-05
2.791612e-05
2.727410e-05
2.664755e-05
2.603461e-05
2.543589e-05
2.485126e-05
2.427950e-05
2.372193e-05
2.317635e-05
2.264307e-05
2.212260e-05
2.161438e-05
2.111722e-05
2.063187e-05
2.015629e-05
1.969314e-05
1.924069e-05
1.879780e-05
1.836623e-05
1.794403e-05
1.753084e-05
1.712826e-05
1.673477e-05
1.634963e-05
1.597376e-05
1.560673e-05
1.524772e-05
1.489747e-05
1.455478e-05
1.422029e-05
1.389322e-05
1.357401e-05
1.326207e-05
1.295686e-05
1.265921e-05
1.236822e-05
1.208378e-05
1.180609e-05
1.153478e-05
1.126958e-05
1.101064e-05
1.075711e-05
1.051017e-05
1.026857e-05
1.003236e-05
9.801650e-06
9.576523e-06
9.356510e-06
9.140957e-06
8.931415e-06
8.725755e-06
8.524711e-06
8.329858e-06
8.137387e-06
2.014959e+00
9.365034e-01
2.929099e-01
4.359977e-02
4.302924e-03
2.654005e-03
2.595088e-03
2.538830e-03
2.483833e-03
2.430068e-03
2.377811e-03
2.326350e-03
2.276102e-03
2.226972e-03
2.178934e-03
2.131962e-03
2.086032e-03
2.041119e-03
1.997199e-03
1.954249e-03
1.912247e-03
1.871169e-03
1.830997e-03
1.791708e-03
1.753281e-03
1.715697e-03
1.678937e-03
1.642982e-03
1.607813e-03
1.573413e-03
1.539764e-03
1.506848e-03
1.474651e-03
1.443153e-03
1.412342e-03
1.382200e-03
1.352713e-03
1.323865e-03
1.295724e-03
1.268074e-03
1.241061e-03
1.214633e-03
1.188775e-03
1.163477e-03
1.138726e-03
1.114507e-03
1.090812e-03
1.067627e-03
1.044941e-03
1.022744e-03
1.001025e-03
9.797724e-04
9.589770e-04
9.386279e-04
9.187154e-04
8.990926e-04
8.800936e-04
8.614368e-04
8.431797e-04
8.253137e-04
8.078298e-04
7.907202e-04
7.739768e-04
7.575914e-04
7.415557e-04
7.258627e-04
7.105050e-04
6.954747e-04
6.807656e-04
6.663690e-04
6.522809e-04
6.384924e-04
6.249976e-04
6.118774e-04
5.989076e-04
5.862555e-04
5.738727e-04
5.617538e-04
5.498921e-04
5.382820e-04
5.269196e-04
5.157981e-04
5.049130e-04
4.942591e-04
4.838307e-04
4.736247e-04
4.636343e-04
4.538563e-04
4.442855e-04
4.349177e-04
4.257488e-04
4.167733e-04
4.080268e-04
3.994133e-04
3.909957e-04
3.827574e-04
3.746928e-04
3.667987e-04
3.590721e-04
3.515092e-04
3.441054e-04
3.368587e-04
3.297651e-04
3.228219e-04
3.160254e-04
3.093719e-04
3.028595e-04
2.964845e-04
2.902441e-04
2.841360e-04
2.781565e-04
2.723030e-04
2.665738e-04
2.609646e-04
2.554747e-04
2.501003e-04
2.448389e-04
2.396894e-04
2.346475e-04
2.297126e-04
2.248816e-04
2.201526e-04
2.155228e-04
2.109915e-04
2.065550e-04
2.022120e-04
1.979610e-04
1.937992e-04
1.897254e-04
1.857373e-04
1.818332e-04
1.780110e-04
1.742700e-04
1.706075e-04
1.670218e-04
1.635122e-04
1.600760e-04
1.567123e-04
1.534193e-04
1.501959e-04
1.470403e-04
1.439509e-04
1.409267e-04
1.379662e-04
1.350672e-04
1.322305e-04
1.294528e-04
1.267333e-04
1.240716e-04
1.214658e-04
1.189140e-04
1.164167e-04
1.139719e-04
1.115784e-04
1.092350e-04
1.069410e-04
1.046954e-04
1.024967e-04
1.003448e-04
9.823718e-05
9.617501e-05
9.415530e-05
9.217835e-05
9.024296e-05
8.834855e-05
8.649340e-05
8.467714e-05
8.290003e-05
8.115958e-05
7.945589e-05
7.778720e-05
7.615457e-05
7.455626e-05
7.299095e-05
7.145905e-05
6.995892e-05
6.849008e-05
6.705301e-05
6.564540e-05
6.426744e-05
6.291857e-05
6.159774e-05
6.030539e-05
5.903965e-05
5.780020e-05
5.658731e-05
5.539994e-05
5.423676e-05
5.309874e-05
5.198448e-05
5.089332e-05
4.982555e-05
4.877970e-05
4.775607e-05
4.675426e-05
4.577317e-05
4.481229e-05
4.387173e-05
4.295153e-05
4.205031e-05
4.116756e-05
4.030410e-05
3.945797e-05
3.863067e-05
3.781964e-05
3.702611e-05
3.624918e-05
3.548849e-05
3.474443e-05
3.401535e-05
3.330123e-05
3.260254e-05
3.191894e-05
3.124877e-05
3.059344e-05
2.995171e-05
2.932269e-05
2.870786e-05
2.810585e-05
2.751596e-05
2.693861e-05
2.637329e-05
2.582018e-05
2.527855e-05
2.474808e-05
2.422921e-05
2.372034e-05
2.322348e-05
2.273568e-05
2.225888e-05
2.179176e-05
2.133500e-05
2.088684e-05
2.044899e-05
2.002001e-05
1.960008e-05
1.918888e-05
1.878617e-05
1.839245e-05
1.800644e-05
1.762858e-05
1.725922e-05
1.689649e-05
1.654247e-05
1.619569e-05
1.585558e-05
1.552301e-05
1.519698e-05
1.487865e-05
1.456672e-05
1.426127e-05
1.396143e-05
1.366886e-05
1.338228e-05
1.310167e-05
1.282654e-05
1.255786e-05
1.229412e-05
1.203626e-05
1.178406e-05
1.153636e-05
1.129500e-05
1.105767e-05
1.082568e-05
1.059894e-05
1.037649e-05
1.015886e-05
9.945888e-06
9.736464e-06
9.532970e-06
9.333287e-06
9.136634e-06
8.945486e-06
8.758245e-06
8.574041e-06
8.394209e-06
2.015758e+00
9.378204e-01
2.942586e-01
4.401866e-02
4.195450e-03
2.485176e-03
2.434351e-03
2.386236e-03
2.339106e-03
2.292939e-03
2.247714e-03
2.203410e-03
2.160008e-03
2.117488e-03
2.075830e-03
2.034452e-03
1.994202e-03
1.955208e-03
1.916833e-03
1.879232e-03
1.842387e-03
1.806285e-03
1.770908e-03
1.736241e-03
1.702270e-03
1.668980e-03
1.636356e-03
1.604384e-03
1.573052e-03
1.542282e-03
1.512584e-03
1.482951e-03
1.454039e-03
1.425703e-03
1.397930e-03
1.370709e-03
1.344027e-03
1.317875e-03
1.292240e-03
1.267114e-03
1.242484e-03
1.218342e-03
1.194676e-03
1.171549e-03
1.148796e-03
1.126503e-03
1.104649e-03
1.083225e-03
1.062223e-03
1.041635e-03
1.021450e-03
1.001663e-03
9.822640e-04
9.632456e-04
9.446006e-04
9.263213e-04
9.083994e-04
8.908286e-04
8.736027e-04
8.567129e-04
8.401540e-04
8.239179e-04
8.079998e-04
7.923924e-04
7.770900e-04
7.620858e-04
7.472905e-04
7.329079e-04
7.187657e-04
7.048981e-04
6.913011e-04
6.779685e-04
6.648960e-04
6.520770e-04
6.395082e-04
6.271826e-04
6.150975e-04
6.032465e-04
5.915825e-04
5.801965e-04
5.689912e-04
5.580372e-04
5.472936e-04
5.367587e-04
5.264279e-04
5.162980e-04
5.063630e-04
4.966215e-04
4.870688e-04
4.777001e-04
4.685133e-04
4.595042e-04
4.506697e-04
4.420056e-04
4.335092e-04
4.251768e-04
4.170061e-04
4.089927e-04
4.011345e-04
3.934274e-04
3.858697e-04
3.784580e-04
3.711893e-04
3.640603e-04
3.570699e-04
3.502134e-04
3.434899e-04
3.368956e-04
3.304283e-04
3.240864e-04
3.178657e-04
3.117657e-04
3.057835e-04
2.999113e-04
2.941589e-04
2.885151e-04
2.829804e-04
2.776290e-04
2.722761e-04
2.670534e-04
2.619322e-04
2.569091e-04
2.519824e-04
2.471505e-04
2.424119e-04
2.377644e-04
2.332063e-04
2.287356e-04
2.243504e-04
2.200509e-04
2.158330e-04
2.116964e-04
2.076392e-04
2.036600e-04
1.997576e-04
1.959295e-04
1.921757e-04
1.884936e-04
1.848822e-04
1.813401e-04
1.778662e-04
1.744796e-04
1.711331e-04
1.678558e-04
1.646399e-04
1.614869e-04
1.583940e-04
1.553607e-04
1.523848e-04
1.494669e-04
1.466048e-04
1.437978e-04
1.410442e-04
1.383438e-04
1.356942e-04
1.330966e-04
1.305487e-04
1.280494e-04
1.255980e-04
1.231933e-04
1.208355e-04
1.185217e-04
1.162535e-04
1.140285e-04
1.118456e-04
1.097050e-04
1.076053e-04
1.055455e-04
1.035256e-04
1.015446e-04
9.960112e-05
9.769523e-05
9.582572e-05
9.399190e-05
9.219310e-05
9.042910e-05
8.869874e-05
8.700173e-05
8.533669e-05
8.370430e-05
8.210276e-05
8.053165e-05
7.899068e-05
7.747980e-05
7.599766e-05
7.454339e-05
7.310943e-05
7.171397e-05
7.034203e-05
6.899669e-05
6.767665e-05
6.638176e-05
6.511226e-05
6.386690e-05
6.264497e-05
6.144700e-05
6.027114e-05
5.911885e-05
5.798802e-05
5.687868e-05
5.579083e-05
5.472391e-05
5.367678e-05
5.265055e-05
5.164382e-05
5.065586e-05
4.968683e-05
4.873683e-05
4.780506e-05
4.689024e-05
4.599379e-05
4.511413e-05
4.425168e-05
4.340499e-05
4.257520e-05
4.176110e-05
4.096228e-05
4.017903e-05
3.941067e-05
3.865706e-05
3.791797e-05
3.719321e-05
3.648133e-05
3.578400e-05
3.510012e-05
3.442857e-05
3.377068e-05
3.312445e-05
3.249138e-05
3.186961e-05
3.126114e-05
3.066274e-05
3.007655e-05
2.950190e-05
2.893750e-05
2.838446e-05
2.784168e-05
2.730907e-05
2.678718e-05
2.627488e-05
2.577273e-05
2.527972e-05
2.479636e-05
2.432260e-05
2.385750e-05
2.340152e-05
2.295402e-05
2.251505e-05
2.208476e-05
2.166233e-05
2.124829e-05
2.084209e-05
2.044382e-05
2.005268e-05
1.966944e-05
1.929321e-05
1.892470e-05
1.856285e-05
1.820815e-05
1.785959e-05
1.751836e-05
1.718339e-05
1.685539e-05
1.653271e-05
1.621682e-05
1.590696e-05
1.560228e-05
1.530453e-05
1.501208e-05
1.472455e-05
1.444327e-05
1.416711e-05
1.389709e-05
1.363049e-05
1.337048e-05
1.311467e-05
1.286346e-05
1.261853e-05
1.237659e-05
1.214033e-05
1.190823e-05
1.168053e-05
1.145713e-05
1.123865e-05
1.102305e-05
1.081278e-05
1.060609e-05
1.040319e-05
1.020464e-05
1.000912e-05
9.818466e-06
9.630206e-06
9.446174e-06
9.266033e-06
9.088690e-06
8.914575e-06
8.744568e-06
8.577735e-06
8.412946e-06
2.010418e+00
9.399530e-01
2.945599e-01
4.401616e-02
4.060105e-03
2.305231e-03
2.261993e-03
2.221269e-03
2.181307e-03
2.141548e-03
2.103284e-03
2.065515e-03
2.028447e-03
1.992066e-03
1.956357e-03
1.920881e-03
1.886635e-03
1.852872e-03
1.819733e-03
1.787202e-03
1.755269e-03
1.723923e-03
1.693152e-03
1.662944e-03
1.632612e-03
1.603711e-03
1.575138e-03
1.547087e-03
1.519549e-03
1.492510e-03
1.465965e-03
1.439903e-03
1.414313e-03
1.389137e-03
1.364937e-03
1.340507e-03
1.316721e-03
1.293366e-03
1.269994e-03
1.247688e-03
1.225579e-03
1.203870e-03
1.182553e-03
1.161619e-03
1.141063e-03
1.120877e-03
1.101054e-03
1.081587e-03
1.062470e-03
1.043696e-03
1.025260e-03
1.007154e-03
9.893717e-04
9.719090e-04
9.547589e-04
9.379151e-04
9.215075e-04
9.051998e-04
8.892420e-04
8.735706e-04
8.581776e-04
8.430600e-04
8.278280e-04
8.134146e-04
7.990948e-04
7.850303e-04
7.711203e-04
7.575874e-04
7.442615e-04
7.311721e-04
7.183159e-04
7.056875e-04
6.932839e-04
6.811003e-04
6.691331e-04
6.573779e-04
6.458318e-04
6.344894e-04
6.233493e-04
6.124057e-04
6.016563e-04
5.910968e-04
5.807246e-04
5.705355e-04
5.605279e-04
5.506958e-04
5.410380e-04
5.315029e-04
5.221964e-04
5.130425e-04
5.040501e-04
4.952162e-04
4.865385e-04
4.780140e-04
4.696393e-04
4.614132e-04
4.533313e-04
4.453925e-04
4.375225e-04
4.298904e-04
4.223646e-04
4.149715e-04
4.077078e-04
4.005729e-04
3.935623e-04
3.866766e-04
3.799112e-04
3.732647e-04
3.667352e-04
3.603208e-04
3.540187e-04
3.478283e-04
3.417458e-04
3.357704e-04
3.299000e-04
3.241331e-04
3.184671e-04
3.129004e-04
3.074316e-04
3.020591e-04
2.967802e-04
2.915950e-04
2.864999e-04
2.814945e-04
2.765770e-04
2.717454e-04
2.669985e-04
2.623353e-04
2.577537e-04
2.532520e-04
2.488299e-04
2.444849e-04
2.402159e-04
2.360217e-04
2.319012e-04
2.278530e-04
2.238751e-04
2.199676e-04
2.161284e-04
2.123558e-04
2.086497e-04
2.050085e-04
2.014309e-04
1.979160e-04
1.944622e-04
1.910693e-04
1.877358e-04
1.844605e-04
1.812421e-04
1.780802e-04
1.749745e-04
1.719215e-04
1.689232e-04
1.659770e-04
1.630819e-04
1.602375e-04
1.574433e-04
1.546974e-04
1.519999e-04
1.493495e-04
1.467448e-04
1.441861e-04
1.416725e-04
1.392023e-04
1.367749e-04
1.343909e-04
1.320477e-04
1.297461e-04
1.274838e-04
1.252621e-04
1.230782e-04
1.209328e-04
1.188248e-04
1.167543e-04
1.147193e-04
1.127194e-04
1.107553e-04
1.088249e-04
1.069286e-04
1.050650e-04
1.032339e-04
1.014354e-04
9.966763e-05
9.793086e-05
9.622472e-05
9.454770e-05
9.290050e-05
9.128159e-05
8.969147e-05
8.812879e-05
8.659346e-05
8.508495e-05
8.360265e-05
8.214585e-05
8.071505e-05
7.930882e-05
7.792704e-05
7.657029e-05
7.523613e-05
7.392553e-05
7.263789e-05
7.137276e-05
7.012905e-05
6.890832e-05
6.770763e-05
6.652836e-05
6.536969e-05
6.423092e-05
6.311288e-05
6.201326e-05
6.093352e-05
5.987216e-05
5.882976e-05
5.780483e-05
5.679816e-05
5.580912e-05
5.483735e-05
5.388230e-05
5.294402e-05
5.202204e-05
5.111627e-05
5.022634e-05
4.935129e-05
4.849230e-05
4.764771e-05
4.681836e-05
4.600281e-05
4.520207e-05
4.441469e-05
4.364174e-05
4.288176e-05
4.213514e-05
4.140147e-05
4.068047e-05
3.997261e-05
3.927644e-05
3.859294e-05
3.792021e-05
3.726076e-05
3.661172e-05
3.597455e-05
3.534798e-05
3.473282e-05
3.412829e-05
3.353370e-05
3.295005e-05
3.237665e-05
3.181310e-05
3.125898e-05
3.071480e-05
3.018044e-05
2.965456e-05
2.913862e-05
2.863162e-05
2.813282e-05
2.764331e-05
2.716223e-05
2.668917e-05
2.622479e-05
2.576817e-05
2.531931e-05
2.487871e-05
2.444599e-05
2.402040e-05
2.360193e-05
2.319161e-05
2.278730e-05
2.239086e-05
2.200157e-05
2.161839e-05
2.124175e-05
2.087221e-05
2.050933e-05
2.015219e-05
1.980075e-05
1.945684e-05
1.911802e-05
1.878534e-05
1.845806e-05
1.813694e-05
1.782121e-05
1.751130e-05
1.720605e-05
1.690703e-05
1.661226e-05
1.632375e-05
1.603918e-05
1.576020e-05
1.548597e-05
1.521644e-05
1.495162e-05
1.469115e-05
1.443556e-05
1.418418e-05
1.393779e-05
1.369479e-05
1.345659e-05
1.322253e-05
1.299233e-05
1.276606e-05
1.254384e-05
1.232576e-05
1.211117e-05
1.190044e-05
1.169328e-05
1.148970e-05
1.128956e-05
1.109315e-05
1.090077e-05
1.071019e-05
1.052403e-05
1.034114e-05
1.016139e-05
9.983818e-06
9.810361e-06
9.639709e-06
9.472151e-06
9.307025e-06
9.145186e-06
8.985992e-06
8.829575e-06
8.675981e-06
