6.460105e+02
6.662427e+02
7.698114e+02
9.987462e+02
4.639808e+03
2.117313e+03
1.693196e+03
7.944951e+02
8.217377e+04
4.021071e+03
8.644805e+03
6.139153e+03
6.247418e+02
1.092996e+03
5.634806e+04
2.817310e+02
1.609259e+02
2.069027e+02
1.298612e+02
8.822429e+01
6.946408e+01
6.897152e+01
8.638167e+01
1.297046e+02
2.192880e+02
3.746969e+02
5.957608e+02
8.096936e+02
8.294810e+02
6.335880e+02
4.101277e+02
2.420177e+02
1.119652e+02
5.253079e+01
2.511542e+01
1.883878e+01
1.759678e+01
1.565175e+01
1.390718e+01
1.295281e+01
1.208517e+01
1.110027e+01
9.886395e+00
8.463934e+00
6.943534e+00
5.479275e+00
4.520596e+00
4.085580e+00
3.865957e+00
3.660471e+00
3.489209e+00
3.264548e+00
3.040111e+00
2.682647e+00
2.275679e+00
1.801971e+00
1.287794e+00
7.525306e-01
2.739613e-01
4.799165e-02
1.293931e-03
1.428569e-04
2.801642e-04
1.625226e-04
3.943068e-04
3.667276e-04
2.368866e-05
8.084086e-05
2.743878e-04
3.709477e-04
2.684664e-04
1.717305e-06
8.794650e+01
9.851037e+01
1.137504e+02
1.405779e+02
1.665717e+02
1.674023e+02
1.544231e+02
1.372109e+02
1.216576e+02
1.076928e+02
9.426187e+01
8.249367e+01
7.084255e+01
6.014617e+01
4.997471e+01
4.061209e+01
3.179293e+01
2.353984e+01
1.641492e+01
1.046751e+01
6.076747e+00
3.112270e+00
1.544035e+00
9.865092e-01
7.841469e-01
6.724078e-01
5.601638e-01
4.410414e-01
3.318183e-01
2.541542e-01
2.153279e-01
2.016667e-01
1.937195e-01
1.853455e-01
1.761200e-01
1.682424e-01
1.598758e-01
1.521490e-01
1.442560e-01
1.370915e-01
1.292777e-01
1.217923e-01
1.142439e-01
1.072013e-01
1.012424e-01
9.376299e-02
8.604499e-02
7.986788e-02
7.292367e-02
6.607558e-02
6.000788e-02
5.319336e-02
4.715798e-02
4.178106e-02
3.550675e-02
2.984925e-02
2.421218e-02
1.924866e-02
1.480012e-02
1.045184e-02
7.452358e-03
3.959537e-03
1.650391e-03
5.059556e-04
1.455282e-04
1.794390e-04
1.137383e-04
8.240766e-05
7.798761e-05
2.043045e-04
3.961916e-04
1.199049e-04
3.042264e-04
1.463847e-04
7.247690e-04
2.250196e-04
7.176257e-04
3.345197e-04
1.519689e-04
8.101363e-05
3.196288e-04
1.080136e-04
5.613730e-04
1.301431e-03
6.402899e-04
1.865487e-04
1.599256e-04
7.820432e-04
2.274181e-04
4.153709e-04
6.921426e-04
9.416766e-05
1.519854e-04
2.344966e-05
3.407495e-04
3.236752e-04
6.029907e-04
1.716356e-05
1.114562e-03
6.698619e-04
1.019205e-04
9.280347e-05
2.976653e-04
1.264997e-04
1.725354e-04
8.781554e-05
6.621781e-04
1.164327e-03
1.292728e-03
6.562304e-04
4.421713e-04
5.045336e-04
6.739229e-04
4.618091e-04
1.707399e-04
4.257045e-06
6.642199e-04
9.639155e-04
6.414595e-04
2.646003e-05
2.754652e-04
3.661456e-04
7.027050e-04
3.689077e-04
1.458572e-04
3.375196e-04
1.841098e-04
1.121333e-04
6.572626e-05
7.586586e-04
6.698540e-04
5.102462e-05
1.282208e-04
4.031316e-04
4.344287e-05
1.534619e-04
1.271543e-04
4.756091e-04
2.965679e-04
1.816951e-04
5.126215e-05
4.949746e-04
3.014809e-04
1.486379e-04
7.915678e-04
4.887419e-04
8.524523e-04
5.390032e-04
1.262437e-03
7.649091e-04
4.651077e-05
7.058986e-04
8.777533e-04
6.328865e-04
1.686127e-04
3.987231e-04
5.123026e-04
4.768912e-04
3.257252e-04
2.087542e-04
4.676196e-04
6.103128e-04
1.083751e-04
2.063758e-04
2.315064e-04
1.535200e-04
4.108003e-04
2.970450e-04
1.505744e-05
7.088489e-04
6.328868e-04
2.106804e-04
6.180071e-04
1.066660e-03
1.154293e-03
1.012948e-03
3.673002e-04
3.563559e-04
8.759990e-04
6.094710e-04
5.074235e-04
8.844194e-04
2.653616e-04
6.420536e-04
4.439857e-05
8.103160e-05
2.014783e-04
6.606513e-05
1.063043e-03
5.006698e-04
6.174988e-04
4.258056e-04
2.659855e-04
8.799976e-04
2.421016e-04
2.386091e-05
4.266294e-04
2.994360e-04
1.513114e-04
2.676170e-04
2.813558e-04
2.750955e-05
5.796707e-04
4.788299e-04
2.913871e-04
4.643506e-05
6.435672e-04
1.042626e-03
5.711693e-04
1.545045e-04
5.096030e-04
1.157215e-03
9.108788e-04
1.572246e-04
1.554585e-04
6.632759e-04
3.795873e-04
7.301083e-04
3.153995e-04
3.061369e-04
1.953401e-04
6.889128e-04
2.810172e-04
3.601207e-04
1.477989e-04
2.208089e-05
6.070239e-04
6.667955e-04
5.870541e-04
1.255117e-03
5.901948e-04
4.812501e-04
1.851955e-04
8.395062e-05
4.410647e-04
4.092370e-04
8.813510e-05
4.505132e-05
2.510226e-04
6.142935e-04
5.235897e-04
8.152376e-05
6.063664e-04
3.835870e-04
8.608344e-05
1.223304e-04
8.363027e-04
4.747070e-04
3.525119e-04
5.013898e-04
1.558319e-04
3.957573e-04
6.789102e-04
2.058354e-04
1.080444e-05
1.484166e-04
2.486646e-04
2.230133e-04
2.068715e-04
5.602211e-04
3.451382e-04
2.522851e-04
4.148819e-04
3.895279e-05
2.434282e-04
3.045615e-05
3.785729e-05
3.236041e-04
4.539202e-05
7.351653e-04
4.247796e-04
7.810909e-05
3.702786e-04
4.094755e-04
3.974797e-04
1.821871e-04
1.076268e-03
1.030739e-03
5.850300e-04
8.288561e-06
2.543344e+18
8.614834e+17
2.231527e+17
7.090721e+16
2.082465e+16
7.888002e+15
3.409597e+15
1.515285e+15
6.191452e+14
2.340182e+14
8.626585e+13
3.265434e+13
1.178207e+13
4.257919e+12
1.605718e+12
5.982658e+11
2.163456e+11
7.788585e+10
2.970438e+10
1.096709e+10
3.953558e+09
1.433069e+09
5.456392e+08
2.004111e+08
7.224874e+07
2.619389e+07
9.971081e+06
3.662307e+06
1.328814e+06
4.793016e+05
1.834979e+05
6.692563e+04
2.428214e+04
8.757749e+03
3.355162e+03
1.227109e+03
4.421822e+02
1.599722e+02
6.075385e+01
2.129909e+01
7.598290e+00
2.397618e+00
5.927672e-01
8.117619e-02
3.591652e-03
1.617578e-05
2.567581e-09
2.397399e-08
2.654573e-08
2.584169e-09
5.958612e-08
2.018214e-08
1.223541e-08
3.611431e-08
5.597034e-08
3.171204e-08
1.227469e-07
5.959049e-08
9.356570e-01
3.591606e-01
9.860518e-02
1.029661e-02
1.328651e-04
2.775385e-06
9.580786e-07
2.979576e-07
1.131593e-07
3.867922e-08
9.086926e-08
9.431341e-01
3.636571e-01
9.702314e-02
1.033078e-02
1.337475e-04
2.755630e-06
9.483039e-07
3.278970e-07
1.014672e-07
7.246067e-08
7.460573e-08
9.389431e-01
3.685416e-01
9.956631e-02
1.053611e-02
1.367753e-04
2.829928e-06
9.339846e-07
3.392773e-07
1.874689e-07
3.488050e-08
3.207463e-08
9.463146e-01
3.729658e-01
1.014640e-01
1.056976e-02
1.365368e-04
2.931607e-06
9.584114e-07
3.617239e-07
1.854068e-07
6.730448e-08
3.015280e-08
9.624885e-01
3.771781e-01
1.003334e-01
1.063898e-02
1.376492e-04
3.043137e-06
1.008364e-06
3.517960e-07
1.798600e-07
3.723814e-08
8.514177e-08
9.780208e-01
3.758877e-01
1.028976e-01
1.064776e-02
1.385943e-04
3.081410e-06
1.006580e-06
3.751172e-07
1.788229e-07
4.638084e-08
1.597556e-08
7.867548e-09
9.801340e-01
3.843797e-01
1.032128e-01
1.063350e-02
1.467852e-04
3.188420e-06
1.045941e-06
3.528836e-07
1.654136e-07
1.272518e-07
1.290004e-07
9.817747e-01
3.869833e-01
1.058605e-01
1.080369e-02
1.407518e-04
3.267499e-06
1.073260e-06
4.645839e-07
2.056537e-07
6.580000e-08
3.857628e-08
9.835278e-01
3.963833e-01
1.073425e-01
1.093810e-02
1.431831e-04
3.478839e-06
1.183985e-06
3.643609e-07
1.314440e-07
1.230772e-07
1.032493e-07
1.003436e+00
4.002554e-01
1.074818e-01
1.114830e-02
1.452792e-04
3.534270e-06
1.180542e-06
4.029592e-07
2.077802e-07
1.351200e-07
5.273209e-08
3.063996e-08
4.441377e-09
1.016690e+00
4.077834e-01
1.104752e-01
1.121430e-02
1.458558e-04
3.619855e-06
1.207341e-06
3.926386e-07
2.115380e-07
1.096398e-07
3.358407e-08
1.030426e+00
4.111207e-01
1.121685e-01
1.117331e-02
1.469355e-04
3.764673e-06
1.275245e-06
4.070445e-07
1.352190e-07
8.090751e-08
1.976650e-08
1.043843e+00
4.150438e-01
1.103049e-01
1.123103e-02
1.480101e-04
3.886956e-06
1.271612e-06
4.377276e-07
1.482373e-07
1.039904e-07
1.011294e-07
2.086784e-08
1.048449e+00
4.177235e-01
1.107570e-01
1.125327e-02
1.499504e-04
4.065420e-06
1.339551e-06
4.472326e-07
1.683398e-07
5.259442e-08
7.252209e-08
1.045130e+00
4.193879e-01
1.115624e-01
1.123986e-02
1.508549e-04
4.203371e-06
1.398924e-06
4.868763e-07
1.822181e-07
6.709234e-08
3.250927e-08
1.045170e+00
4.168208e-01
1.116667e-01
1.127010e-02
1.502762e-04
4.443128e-06
1.476942e-06
4.773399e-07
1.836429e-07
7.480279e-08
4.551989e-08
7.511065e-09
1.041516e+00
4.178959e-01
1.106988e-01
1.139395e-02
1.517680e-04
4.598109e-06
1.515940e-06
5.711777e-07
1.939279e-07
7.959503e-08
4.786695e-08
1.040521e+00
4.144231e-01
1.117748e-01
1.146787e-02
1.551237e-04
4.901543e-06
1.631000e-06
5.301829e-07
1.792531e-07
9.830406e-08
3.120313e-08
9.271048e-09
1.037645e+00
4.131000e-01
1.124461e-01
1.124059e-02
1.529817e-04
5.123126e-06
1.688876e-06
6.715348e-07
2.868424e-07
1.695888e-07
7.467716e-08
7.961308e-09
1.035953e+00
4.123494e-01
1.114742e-01
1.137272e-02
1.562241e-04
5.407768e-06
1.771431e-06
6.339808e-07
1.937364e-07
7.451374e-08
6.101460e-08
1.734571e-08
1.037063e+00
4.140441e-01
1.094032e-01
1.153365e-02
1.595738e-04
5.844176e-06
1.903199e-06
6.644232e-07
2.210566e-07
1.022533e-07
4.545475e-08
1.955714e-08
1.043357e+00
4.104099e-01
1.100252e-01
1.139685e-02
1.619247e-04
6.336542e-06
2.073299e-06
7.921142e-07
2.421017e-07
1.143800e-07
4.258068e-08
1.048333e+00
4.126861e-01
1.117052e-01
1.164729e-02
1.681497e-04
7.099199e-06
2.299388e-06
8.013313e-07
3.162175e-07
1.028964e-07
3.000121e-08
1.062676e+00
4.195382e-01
1.131563e-01
1.185097e-02
1.849557e-04
8.008568e-06
2.598972e-06
8.550746e-07
2.825104e-07
1.159078e-07
6.176172e-08
3.222419e-08
2.798985e-08
2.433782e-08
1.093709e+00
4.266555e-01
1.151669e-01
1.205266e-02
1.865933e-04
9.333016e-06
3.015506e-06
1.021282e-06
3.890469e-07
1.650517e-07
4.017717e-08
2.926765e-08
1.139149e+00
4.415325e-01
1.186651e-01
1.238209e-02
2.048136e-04
1.107735e-05
3.580856e-06
1.188422e-06
3.963026e-07
1.434063e-07
4.796191e-08
2.829431e-08
1.206661e+00
4.622359e-01
1.235485e-01
1.289845e-02
2.200298e-04
1.317255e-05
4.225460e-06
1.409661e-06
4.734982e-07
1.612985e-07
1.006923e-07
1.925067e-08
1.382474e-08
1.297050e+00
4.905401e-01
1.294743e-01
1.345687e-02
2.425722e-04
1.563773e-05
5.009652e-06
1.661427e-06
5.596062e-07
1.892457e-07
7.150689e-08
6.026195e-08
3.159840e-08
1.055929e-08
1.410729e+00
5.212859e-01
1.355198e-01
1.404097e-02
2.655164e-04
1.826558e-05
5.848473e-06
1.933384e-06
6.487372e-07
2.201656e-07
1.215389e-07
5.764634e-08
1.793138e-08
6.236762e-09
1.534179e+00
5.562416e-01
1.429846e-01
1.477566e-02
2.902732e-04
2.090992e-05
6.675069e-06
2.221898e-06
7.365052e-07
2.589258e-07
8.497017e-08
5.025628e-08
4.510188e-08
2.731184e-08
2.855488e-09
1.658331e+00
5.893593e-01
1.501334e-01
1.542268e-02
3.148681e-04
2.333477e-05
7.471986e-06
2.489898e-06
8.307017e-07
2.911420e-07
1.077976e-07
5.688413e-08
1.849839e-08
1.768450e+00
6.284555e-01
1.580296e-01
1.607087e-02
3.409331e-04
2.555970e-05
8.189043e-06
2.739698e-06
9.237817e-07
3.120212e-07
1.282467e-07
5.989220e-08
1.177565e-08
1.011215e-08
2.928312e-09
1.863124e+00
6.596335e-01
1.653453e-01
1.692022e-02
3.673919e-04
2.753014e-05
8.847857e-06
2.989416e-06
1.006178e-06
3.446699e-07
1.146627e-07
4.796268e-08
3.151881e-08
7.596587e-09
1.938249e+00
6.906320e-01
1.738644e-01
1.763349e-02
3.965458e-04
2.932285e-05
9.443594e-06
3.197295e-06
1.082719e-06
3.861290e-07
1.333388e-07
5.240529e-08
1.866011e-08
2.005891e+00
7.133168e-01
1.807348e-01
1.842558e-02
4.274285e-04
3.096325e-05
9.993845e-06
3.396398e-06
1.157263e-06
3.957171e-07
1.501852e-07
5.270007e-08
2.526506e-08
1.341341e-08
2.052356e+00
7.359491e-01
1.878702e-01
1.934860e-02
4.586572e-04
3.251212e-05
1.052369e-05
3.588640e-06
1.221067e-06
4.296997e-07
1.483018e-07
6.174863e-08
2.073361e-08
1.179482e-08
2.455410e-09
2.092785e+00
7.522474e-01
1.936636e-01
2.011793e-02
4.921367e-04
3.400527e-05
1.103862e-05
3.781044e-06
1.298183e-06
4.566952e-07
1.556994e-07
5.490253e-08
3.092957e-08
2.279387e-08
5.434701e-09
2.116965e+00
7.677134e-01
1.994441e-01
2.074705e-02
5.284084e-04
3.550667e-05
1.155260e-05
3.978810e-06
1.374844e-06
4.830924e-07
1.694511e-07
6.066540e-08
2.015413e-08
1.227564e-08
2.133216e+00
7.835293e-01
2.046764e-01
2.138452e-02
5.598585e-04
3.704509e-05
1.209769e-05
4.189988e-06
1.452578e-06
5.033590e-07
1.793763e-07
6.244235e-08
2.297689e-08
1.195791e-08
9.327961e-09
2.143023e+00
7.927252e-01
2.100061e-01
2.206538e-02
5.964722e-04
3.868149e-05
1.267865e-05
4.419057e-06
1.543813e-06
5.366126e-07
1.892546e-07
7.146429e-08
3.125420e-08
1.133606e-08
4.034255e-09
2.148176e+00
8.062781e-01
2.142516e-01
2.275275e-02
6.327813e-04
4.045295e-05
1.331559e-05
4.669882e-06
1.637549e-06
5.783718e-07
2.044085e-07
7.603237e-08
2.874172e-08
9.247736e-09
2.153531e+00
8.134360e-01
2.189451e-01
2.340261e-02
6.684828e-04
4.239099e-05
1.402333e-05
4.950929e-06
1.750512e-06
6.183056e-07
2.192965e-07
7.829857e-08
3.107096e-08
1.339047e-08
4.521489e-09
2.155244e+00
8.191899e-01
2.221829e-01
2.404430e-02
7.040060e-04
4.452982e-05
1.482293e-05
5.272052e-06
1.872948e-06
6.694617e-07
2.404648e-07
8.495133e-08
3.763270e-08
2.042106e-08
6.592849e-09
2.153863e+00
8.316918e-01
2.252037e-01
2.452986e-02
7.414279e-04
4.695004e-05
1.573666e-05
5.637298e-06
2.016846e-06
7.220415e-07
2.634306e-07
9.785462e-08
3.922871e-08
1.489523e-08
8.013981e-09
2.152176e+00
8.361874e-01
2.286833e-01
2.511620e-02
7.758850e-04
4.967747e-05
1.678733e-05
6.055167e-06
2.183853e-06
7.928588e-07
2.890363e-07
1.111014e-07
4.878507e-08
1.797773e-08
1.411611e-08
1.000341e-08
2.149896e+00
8.421708e-01
2.320203e-01
2.567276e-02
8.153406e-04
5.284389e-05
1.801195e-05
6.549019e-06
2.386327e-06
8.659688e-07
3.163321e-07
1.157781e-07
4.462879e-08
1.984029e-08
7.642661e-09
2.151892e+00
8.494648e-01
2.344750e-01
2.614298e-02
8.506339e-04
5.648237e-05
1.945143e-05
7.130423e-06
2.616387e-06
9.585927e-07
3.511778e-07
1.306930e-07
5.207104e-08
2.434440e-08
7.380214e-09
2.150778e+00
8.548621e-01
2.376894e-01
2.668687e-02
8.898542e-04
6.074487e-05
2.115523e-05
7.824556e-06
2.891888e-06
1.072920e-06
3.955225e-07
1.497430e-07
6.056059e-08
2.372545e-08
1.411360e-08
5.009289e-09
2.153218e+00
8.617200e-01
2.403333e-01
2.721243e-02
9.317325e-04
6.579714e-05
2.319861e-05
8.659279e-06
3.229960e-06
1.207015e-06
4.521280e-07
1.707821e-07
6.400370e-08
2.534154e-08
1.308562e-08
4.835045e-09
2.158170e+00
8.678963e-01
2.426599e-01
2.755468e-02
9.693120e-04
7.179749e-05
2.566243e-05
9.672149e-06
3.644242e-06
1.372509e-06
5.212609e-07
1.955743e-07
7.493988e-08
2.762092e-08
1.367337e-08
4.500371e-09
2.158262e+00
8.783617e-01
2.448293e-01
2.800918e-02
1.012371e-03
7.909613e-05
2.868864e-05
1.092500e-05
4.158123e-06
1.583538e-06
6.023363e-07
2.313394e-07
8.818720e-08
3.940295e-08
1.823967e-08
1.022715e-08
2.000434e-09
2.165308e+00
8.834471e-01
2.475489e-01
2.853298e-02
1.060676e-03
8.803147e-05
3.244646e-05
1.249208e-05
4.807747e-06
1.849842e-06
7.133064e-07
2.750941e-07
1.080816e-07
4.334882e-08
1.867439e-08
8.370541e-09
2.179019e+00
8.928351e-01
2.504355e-01
2.894802e-02
1.114736e-03
9.912696e-05
3.716106e-05
1.447822e-05
5.638613e-06
2.195489e-06
8.547808e-07
3.344191e-07
1.296421e-07
5.318233e-08
2.286461e-08
1.082936e-08
5.443298e-09
2.191923e+00
9.021082e-01
2.529582e-01
2.937070e-02
1.167753e-03
1.130972e-04
4.318456e-05
1.704125e-05
6.721757e-06
2.650871e-06
1.045216e-06
4.149501e-07
1.659103e-07
6.488399e-08
2.696889e-08
1.239418e-08
8.140079e-09
2.212106e+00
9.124967e-01
2.548293e-01
2.979822e-02
1.227023e-03
1.309220e-04
5.098523e-05
2.040104e-05
8.158669e-06
3.262013e-06
1.304261e-06
5.213764e-07
2.093273e-07
8.590240e-08
3.719294e-08
1.716896e-08
8.984242e-09
2.229448e+00
9.304768e-01
2.578901e-01
3.042119e-02
1.307859e-03
1.542153e-04
6.132803e-05
2.491331e-05
1.011484e-05
4.105490e-06
1.666253e-06
6.762359e-07
2.748266e-07
1.155612e-07
4.631659e-08
1.832463e-08
8.335533e-09
2.261734e+00
9.422793e-01
2.625890e-01
3.084844e-02
1.408061e-03
1.849578e-04
7.521074e-05
3.106569e-05
1.282312e-05
5.291653e-06
2.183419e-06
9.010177e-07
3.719644e-07
1.534326e-07
6.366641e-08
2.765931e-08
1.312061e-08
9.141142e-09
2.296118e+00
9.620788e-01
2.650616e-01
3.133642e-02
1.506947e-03
2.265810e-04
9.432449e-05
3.968479e-05
1.668394e-05
7.011952e-06
2.946771e-06
1.238606e-06
5.207612e-07
2.193525e-07
9.281516e-08
4.081400e-08
1.674266e-08
7.448060e-09
2.334746e+00
9.821212e-01
2.716469e-01
3.198205e-02
1.649083e-03
2.841254e-04
1.211451e-04
5.202702e-05
2.232473e-05
9.575867e-06
4.107147e-06
1.761166e-06
7.552597e-07
3.241870e-07
1.390408e-07
6.168599e-08
3.299638e-08
1.560102e-08
2.380159e+00
1.010501e+00
2.752165e-01
3.281372e-02
1.839237e-03
3.651969e-04
1.597639e-04
7.021722e-05
3.083101e-05
1.353080e-05
5.937505e-06
2.604945e-06
1.143714e-06
5.015175e-07
2.201201e-07
9.670633e-08
4.601984e-08
1.870049e-08
1.226426e-08
