1.023861e+02
7.000911e+01
4.137859e+01
2.435366e+01
1.438780e+01
6.644406e+00
3.413637e+00
2.202179e+00
8.549553e-01
2.199553e-01
2.091566e-02
6.627778e-04
1.109864e-06
9.556595e-11
1.142188e+21
3.306298e+20
1.253401e+20
3.205837e+19
1.340392e+19
5.408191e+18
1.920650e+18
5.679545e+17
2.739759e+17
1.262550e+17
5.357628e+16
2.129763e+16
7.082558e+15
2.091381e+15
7.170746e+14
2.691286e+14
9.594301e+13
3.434205e+13
1.280292e+13
4.903097e+12
1.753851e+12
6.276905e+11
2.411695e+11
8.959961e+10
3.205209e+10
1.147122e+10
4.407374e+09
1.637438e+09
5.857992e+08
2.096703e+08
8.055586e+07
2.992918e+07
1.070871e+07
3.833980e+06
1.473661e+06
5.478541e+05
1.961393e+05
7.026666e+04
2.703862e+04
1.008764e+04
3.636960e+03
1.318976e+03
5.131408e+02
1.956179e+02
7.209206e+01
2.961878e+01
1.273858e+01
5.540783e+00
2.152026e+00
7.069893e-01
1.919375e-01
2.973771e-02
1.710875e-03
1.457981e-05
1.746086e-09
3.032962e-11
2.157678e-11
1.339706e-11
1.808555e-11
4.277793e-12
1.262730e+00
7.578924e-01
5.348100e-01
4.138195e-01
3.175296e-01
2.178965e-01
1.169684e-01
4.033416e-02
5.669884e-03
1.343693e-04
8.250320e-08
1.168805e-11
1.376186e+00
8.193955e-01
5.791982e-01
4.462972e-01
3.409576e-01
2.353880e-01
1.251486e-01
4.289923e-02
6.065606e-03
1.416100e-04
8.730432e-08
1.409318e-11
1.526454e+00
9.095273e-01
6.486793e-01
4.862843e-01
3.729353e-01
2.562179e-01
1.359034e-01
4.657036e-02
6.509890e-03
1.514201e-04
9.312575e-08
1.063929e-11
1.712854e+00
1.034863e+00
7.200730e-01
5.401192e-01
4.147655e-01
2.792322e-01
1.498262e-01
5.055445e-02
7.029606e-03
1.619700e-04
9.914417e-08
2.764722e-11
1.918440e+00
1.174724e+00
8.320609e-01
6.246060e-01
4.763438e-01
3.197227e-01
1.703268e-01
5.578719e-02
7.568142e-03
1.802404e-04
1.070494e-07
9.214483e-12
2.221548e+00
1.440610e+00
1.070612e+00
8.582679e-01
6.594366e-01
4.537992e-01
2.424694e-01
8.362742e-02
1.074925e-02
2.637050e-04
1.524476e-07
4.383635e-11
2.990059e+00
2.101407e+00
1.674344e+00
1.351995e+00
1.050314e+00
7.238169e-01
3.822523e-01
1.293926e-01
1.747117e-02
4.445616e-04
2.844668e-07
5.671838e-11
4.211282e+00
3.068588e+00
2.275013e+00
1.584697e+00
1.023274e+00
5.988825e-01
2.921831e-01
9.252766e-02
1.131205e-02
2.457845e-04
1.313905e-07
6.119048e-11
3.597681e+00
1.776082e+00
1.016552e+00
6.829022e-01
4.982347e-01
3.230401e-01
1.659804e-01
5.272233e-02
6.656555e-03
1.282104e-04
5.688165e-08
2.282069e-11
2.180988e+00
1.090592e+00
7.711638e-01
6.073653e-01
4.550247e-01
2.970603e-01
1.505768e-01
4.727294e-02
5.711666e-03
1.021822e-04
3.980862e-08
1.673034e-11
1.695667e+00
9.641177e-01
7.481675e-01
5.935115e-01
4.453130e-01
2.908841e-01
1.473020e-01
4.587596e-02
5.453969e-03
9.294296e-05
3.311720e-08
4.823998e-12
