1.148540e+03
9.565352e+02
7.962543e+02
6.486368e+02
5.184573e+02
4.148470e+02
3.348474e+02
2.752603e+02
2.286041e+02
1.920065e+02
1.640395e+02
1.428894e+02
1.237738e+02
1.058967e+02
8.777994e+01
7.027269e+01
5.451457e+01
4.092003e+01
2.943763e+01
1.961601e+01
1.238533e+01
6.828504e+00
3.076248e+00
1.004343e+00
1.797892e-01
1.043485e-02
7.568423e-05
2.734658e-08
1.768747e+02
2.006420e+02
2.269191e+02
2.489182e+02
2.673027e+02
2.665664e+02
2.556453e+02
2.410522e+02
2.236201e+02
2.069778e+02
1.919065e+02
1.769645e+02
1.616681e+02
1.476093e+02
1.325599e+02
1.207702e+02
1.079896e+02
9.498936e+01
8.477087e+01
7.348170e+01
6.337432e+01
5.371671e+01
4.457373e+01
3.671619e+01
2.966699e+01
2.268948e+01
1.657221e+01
1.168540e+01
7.548475e+00
4.412780e+00
2.299501e+00
1.115465e+00
6.452807e-01
5.008230e-01
4.115360e-01
3.437227e-01
3.067689e-01
2.935686e-01
2.868572e-01
2.803508e-01
2.737018e-01
2.669450e-01
2.601040e-01
2.532062e-01
2.462765e-01
2.393202e-01
2.323686e-01
2.254166e-01
2.184804e-01
2.115792e-01
2.046920e-01
1.978575e-01
1.910622e-01
1.842961e-01
1.776034e-01
1.709388e-01
1.643199e-01
1.577817e-01
1.512599e-01
1.447988e-01
1.384193e-01
1.320457e-01
1.257420e-01
1.195225e-01
1.132990e-01
1.071464e-01
1.010891e-01
9.502070e-02
8.901138e-02
8.311598e-02
7.721111e-02
7.133911e-02
6.560626e-02
5.989569e-02
5.418649e-02
4.863571e-02
4.318930e-02
3.774414e-02
3.246287e-02
2.742698e-02
2.249552e-02
1.774746e-02
1.342512e-02
9.493319e-03
5.884648e-03
2.955535e-03
1.141913e-03
3.480410e-04
9.185158e-05
2.293726e-05
5.659112e-06
1.464891e-06
3.980759e-07
9.232664e-08
5.700786e-08
2.584850e-08
2.617247e-09
8.810696e-08
7.857085e-08
3.595475e-08
5.081487e-10
1.873394e+21
5.810085e+20
2.018359e+20
7.588502e+19
2.729604e+19
9.880977e+18
3.614713e+18
1.394270e+18
5.061119e+17
1.822562e+17
6.682105e+16
2.570160e+16
9.249186e+15
3.331254e+15
1.247293e+15
4.696689e+14
1.690237e+14
6.087852e+13
2.334660e+13
8.582720e+12
3.088824e+12
1.118434e+12
4.289106e+11
1.568411e+11
5.644701e+10
2.043944e+10
7.870084e+09
2.866231e+09
1.037163e+09
3.735719e+08
1.438400e+08
5.238760e+07
1.895874e+07
6.843294e+06
2.638654e+06
9.610831e+05
3.474219e+05
1.253950e+05
4.879970e+04
1.771093e+04
6.441495e+03
2.361372e+03
9.244960e+02
3.394375e+02
1.284581e+02
5.251450e+01
2.075530e+01
8.286367e+00
2.483056e+00
5.700058e-01
5.498664e-02
1.375772e-03
2.499299e-06
2.348001e-07
6.793423e-08
2.956030e-08
3.058014e-08
3.690475e-08
6.201130e-08
4.327521e-08
1.453222e-08
2.018702e-08
2.612386e-08
4.080056e-09
3.096141e+00
1.203642e+00
3.117801e-01
3.150241e-02
7.991254e-04
1.162379e-04
3.213568e-05
8.876011e-06
2.474653e-06
7.071958e-07
2.079663e-07
8.388017e-08
1.684488e-08
4.642676e-09
3.124542e+00
1.207265e+00
3.156476e-01
3.187819e-02
8.375919e-04
1.214647e-04
3.395878e-05
9.531304e-06
2.703067e-06
7.469492e-07
2.229740e-07
7.718449e-08
6.537045e-08
4.283520e-08
2.339821e-08
1.519110e-08
3.145941e+00
1.214905e+00
3.197595e-01
3.223175e-02
8.365600e-04
1.270517e-04
3.601634e-05
1.022401e-05
2.896377e-06
8.256583e-07
2.517086e-07
8.359671e-08
2.693328e-08
1.343081e-08
3.171116e+00
1.223320e+00
3.198282e-01
3.241414e-02
8.545994e-04
1.331624e-04
3.822387e-05
1.099006e-05
3.172175e-06
9.248230e-07
2.648004e-07
1.068392e-07
6.993548e-08
2.507101e-08
8.479035e-09
3.191831e+00
1.237594e+00
3.220241e-01
3.248556e-02
8.771022e-04
1.396755e-04
4.063332e-05
1.183103e-05
3.501634e-06
1.041109e-06
3.152355e-07
8.668286e-08
3.755045e-08
1.951890e-08
3.213382e+00
1.242200e+00
3.272678e-01
3.306261e-02
9.022906e-04
1.467831e-04
4.330251e-05
1.278567e-05
3.804164e-06
1.123999e-06
3.473712e-07
1.052306e-07
4.758848e-08
2.618490e-08
1.366349e-08
7.160232e-09
3.233350e+00
1.254488e+00
3.271464e-01
3.329254e-02
9.242773e-04
1.544888e-04
4.625578e-05
1.387272e-05
4.179282e-06
1.245991e-06
3.776721e-07
1.196355e-07
3.369548e-08
1.677350e-08
1.200756e-08
3.259983e+00
1.266527e+00
3.314619e-01
3.341364e-02
9.424877e-04
1.627150e-04
4.945851e-05
1.504078e-05
4.592573e-06
1.409251e-06
4.334342e-07
1.329268e-07
6.366808e-08
3.291056e+00
1.269512e+00
3.351396e-01
3.392335e-02
9.686079e-04
1.715616e-04
5.295374e-05
1.639108e-05
5.099591e-06
1.568442e-06
5.079325e-07
1.569304e-07
6.182680e-08
2.756701e-08
2.126502e-08
1.025595e-08
3.314665e+00
1.287208e+00
3.415547e-01
3.429736e-02
1.013289e-03
1.810585e-04
5.682665e-05
1.785975e-05
5.609939e-06
1.807162e-06
5.510847e-07
1.953644e-07
5.873504e-08
4.895246e-08
2.428374e-08
1.844414e-08
6.755783e-09
3.353999e+00
1.304028e+00
3.437365e-01
3.489037e-02
1.019023e-03
1.909403e-04
6.089417e-05
1.943417e-05
6.198472e-06
2.008681e-06
6.295210e-07
2.003237e-07
9.453850e-08
3.865868e-08
3.409147e+00
1.331226e+00
3.470282e-01
3.523216e-02
1.060760e-03
2.011414e-04
6.531703e-05
2.118834e-05
6.928720e-06
2.235888e-06
7.398032e-07
2.517675e-07
9.152597e-08
3.543319e-08
1.865124e-08
3.460671e+00
1.375685e+00
3.621711e-01
3.524948e-02
1.065548e-03
2.112142e-04
6.977701e-05
2.306483e-05
7.654696e-06
2.565655e-06
8.690759e-07
2.793229e-07
1.013468e-07
3.919337e-08
3.098004e-08
1.237319e-08
8.710529e-09
3.547825e+00
1.434710e+00
3.732576e-01
3.661232e-02
1.090546e-03
2.206938e-04
7.425191e-05
2.499397e-05
8.429774e-06
2.819527e-06
9.708182e-07
3.336812e-07
1.102273e-07
4.141333e-08
1.803253e-08
3.715055e+00
1.501069e+00
3.874281e-01
3.787593e-02
1.112303e-03
2.286599e-04
7.839185e-05
2.690729e-05
9.197777e-06
3.160104e-06
1.077705e-06
3.703865e-07
1.267007e-07
9.416747e-08
2.052509e-08
3.944172e+00
1.578810e+00
4.018759e-01
3.918870e-02
1.129346e-03
2.343019e-04
8.185839e-05
2.858483e-05
1.000508e-05
3.509701e-06
1.221169e-06
4.271324e-07
1.783295e-07
1.073776e-07
2.541299e-08
4.197170e+00
1.673328e+00
4.176761e-01
3.990564e-02
1.117408e-03
2.364662e-04
8.420040e-05
2.997285e-05
1.068474e-05
3.827083e-06
1.354747e-06
5.156834e-07
2.324640e-07
1.150708e-07
3.794518e-08
1.111018e-08
4.462759e+00
1.745602e+00
4.314029e-01
4.055605e-02
1.096261e-03
2.346191e-04
8.513835e-05
3.089822e-05
1.124470e-05
4.080423e-06
1.470791e-06
5.437653e-07
1.943779e-07
7.223639e-08
2.745007e-08
4.695938e+00
1.787127e+00
4.249616e-01
3.929367e-02
1.051718e-03
2.288282e-04
8.453821e-05
3.121680e-05
1.154443e-05
4.254252e-06
1.585892e-06
5.897224e-07
2.152652e-07
1.029065e-07
3.685902e-08
2.907660e-08
4.820683e+00
1.774211e+00
4.125924e-01
3.679438e-02
9.968816e-04
2.196178e-04
8.258450e-05
3.105785e-05
1.166780e-05
4.433654e-06
1.684800e-06
6.680584e-07
2.608769e-07
1.461629e-07
4.230433e-08
3.346598e-08
4.807007e+00
1.713436e+00
3.866461e-01
3.411482e-02
9.412200e-04
2.084922e-04
7.971493e-05
3.046406e-05
1.163376e-05
4.448227e-06
1.695170e-06
6.682738e-07
2.868841e-07
1.469056e-07
8.652178e-08
4.359199e-08
4.684824e+00
1.605117e+00
3.534957e-01
3.123527e-02
8.686238e-04
1.967363e-04
7.640753e-05
2.965987e-05
1.154915e-05
4.486284e-06
1.756636e-06
6.819499e-07
2.822503e-07
1.120188e-07
9.609126e-08
2.652229e-08
4.486232e+00
1.473509e+00
3.201869e-01
2.837876e-02
8.102333e-04
1.854131e-04
7.305014e-05
2.878197e-05
1.134012e-05
4.460474e-06
1.755575e-06
7.126435e-07
2.965630e-07
1.873334e-07
5.827777e-08
5.293295e-08
1.804110e-08
4.246336e+00
1.344944e+00
2.896675e-01
2.599351e-02
7.551469e-04
1.752463e-04
6.996633e-05
2.794599e-05
1.116498e-05
4.473967e-06
1.827045e-06
7.448350e-07
3.000043e-07
1.169926e-07
8.828064e-08
5.127686e-08
3.978065e+00
1.233503e+00
2.675954e-01
2.415278e-02
7.165674e-04
1.665331e-04
6.733974e-05
2.724261e-05
1.101384e-05
4.450981e-06
1.802725e-06
7.656092e-07
3.298033e-07
1.357791e-07
8.566494e-08
3.400767e-08
1.771698e-08
1.243434e-08
3.730267e+00
1.141542e+00
2.428467e-01
2.270953e-02
6.850926e-04
1.593858e-04
6.521609e-05
2.671267e-05
1.093177e-05
4.469181e-06
1.829706e-06
7.490904e-07
3.484069e-07
1.268537e-07
8.407409e-08
2.699393e-08
2.177958e-08
8.499516e-09
3.500427e+00
1.064087e+00
2.260820e-01
2.167324e-02
6.603489e-04
1.538210e-04
6.365686e-05
2.636028e-05
1.091126e-05
4.519366e-06
1.892322e-06
7.730588e-07
3.245364e-07
1.549093e-07
1.006453e-07
5.656237e-08
2.649813e-08
3.298531e+00
9.981005e-01
2.157778e-01
2.095715e-02
6.463111e-04
1.498510e-04
6.266609e-05
2.621313e-05
1.095801e-05
4.630098e-06
1.921848e-06
8.110929e-07
3.398682e-07
1.595182e-07
7.203183e-08
3.132832e+00
9.401163e-01
2.071815e-01
2.034220e-02
6.312645e-04
1.473577e-04
6.224796e-05
2.630069e-05
1.110602e-05
4.702853e-06
1.979203e-06
8.367188e-07
3.533118e-07
1.556027e-07
6.348736e-08
5.322791e-08
3.163069e-08
1.195072e-08
2.985704e+00
9.031004e-01
2.009929e-01
2.001353e-02
6.248713e-04
1.463759e-04
6.242311e-05
2.662340e-05
1.135543e-05
4.845200e-06
2.063775e-06
8.824527e-07
3.770860e-07
1.828592e-07
1.031463e-07
6.147708e-08
5.390624e-08
3.897591e-08
2.860821e+00
8.734011e-01
1.983108e-01
1.984204e-02
6.261964e-04
1.469407e-04
6.322715e-05
2.722029e-05
1.170760e-05
5.043121e-06
2.168163e-06
9.439540e-07
4.007361e-07
1.724115e-07
7.996255e-08
2.767635e+00
8.502303e-01
1.960017e-01
1.968256e-02
6.333278e-04
1.489457e-04
6.464624e-05
2.808081e-05
1.218736e-05
5.286889e-06
2.298606e-06
9.966292e-07
4.495636e-07
1.891788e-07
9.380926e-08
3.587730e-08
2.589080e-08
9.072017e-09
2.691900e+00
8.362805e-01
1.957065e-01
1.975314e-02
6.412576e-04
1.523753e-04
6.671874e-05
2.922353e-05
1.279779e-05
5.603401e-06
2.474685e-06
1.072932e-06
4.754774e-07
2.344480e-07
1.159636e-07
4.341892e-08
3.468405e-08
1.536346e-08
2.631622e+00
8.273802e-01
1.960874e-01
1.987603e-02
6.595618e-04
1.571839e-04
6.941821e-05
3.066693e-05
1.354447e-05
5.980416e-06
2.640847e-06
1.169437e-06
5.195248e-07
2.387364e-07
1.151697e-07
5.731780e-08
3.396045e-08
1.622422e-08
2.587838e+00
8.278402e-01
1.969052e-01
2.014537e-02
6.778846e-04
1.633139e-04
7.273691e-05
3.240996e-05
1.443392e-05
6.432633e-06
2.862932e-06
1.276654e-06
5.672133e-07
2.542177e-07
1.233233e-07
6.561594e-08
3.344972e-08
2.721246e-08
2.551164e+00
8.286527e-01
2.000177e-01
2.050671e-02
7.048321e-04
1.707124e-04
7.668089e-05
3.446345e-05
1.548386e-05
6.954538e-06
3.120979e-06
1.401993e-06
6.404856e-07
2.873604e-07
1.303078e-07
5.898725e-08
2.627460e-08
2.530308e+00
8.285592e-01
2.021553e-01
2.089175e-02
7.351829e-04
1.792398e-04
8.121382e-05
3.681587e-05
1.668020e-05
7.557843e-06
3.422132e-06
1.554062e-06
7.027855e-07
3.240827e-07
1.738831e-07
8.474749e-08
4.695299e-08
1.500082e-08
2.508549e+00
8.334955e-01
2.062773e-01
2.129280e-02
7.705121e-04
1.889942e-04
8.638193e-05
3.950301e-05
1.805655e-05
8.250303e-06
3.769704e-06
1.721785e-06
7.939432e-07
3.598197e-07
1.653178e-07
7.917832e-08
3.685752e-08
1.746076e-08
2.492010e+00
8.397119e-01
2.087281e-01
2.179526e-02
8.073290e-04
1.999023e-04
9.218231e-05
4.252959e-05
1.961263e-05
9.042274e-06
4.172190e-06
1.921417e-06
8.853770e-07
4.144382e-07
1.935893e-07
8.670230e-08
4.322307e-08
2.690878e-08
2.477867e+00
8.412765e-01
2.123015e-01
2.240622e-02
8.500433e-04
2.121295e-04
9.870155e-05
4.595055e-05
2.138205e-05
9.945218e-06
4.626883e-06
2.154273e-06
1.002815e-06
4.665301e-07
2.196838e-07
1.071791e-07
5.041310e-08
2.579352e-08
2.464229e+00
8.478281e-01
2.167837e-01
2.287743e-02
9.048306e-04
2.257558e-04
1.060055e-04
4.980469e-05
2.338683e-05
1.098588e-05
5.153662e-06
2.419119e-06
1.136251e-06
5.351440e-07
2.515985e-07
1.182856e-07
5.577045e-08
2.762117e-08
1.265286e-08
2.450178e+00
8.538934e-01
2.191882e-01
2.340656e-02
9.486973e-04
2.408638e-04
1.141759e-04
5.414808e-05
2.566802e-05
1.216296e-05
5.763898e-06
2.733197e-06
1.293506e-06
6.140688e-07
2.910249e-07
1.412554e-07
6.540359e-08
4.053925e-08
2.385280e-08
2.434610e+00
8.600988e-01
2.224308e-01
2.398187e-02
1.001826e-03
2.579546e-04
1.234509e-04
5.910851e-05
2.828746e-05
1.353470e-05
6.475905e-06
3.096948e-06
1.483545e-06
7.084172e-07
3.392721e-07
1.627263e-07
8.947492e-08
4.452256e-08
2.287743e-08
2.421174e+00
8.652302e-01
2.258165e-01
2.459640e-02
1.059264e-03
2.772019e-04
1.339733e-04
6.477970e-05
3.130673e-05
1.512557e-05
7.307735e-06
3.529365e-06
1.708288e-06
8.230297e-07
4.003046e-07
1.946566e-07
9.280342e-08
4.944411e-08
3.461642e-08
2.408204e+00
8.673712e-01
2.291958e-01
2.521206e-02
1.121462e-03
2.987599e-04
1.458610e-04
7.123718e-05
3.477603e-05
1.697083e-05
8.281733e-06
4.041358e-06
1.971227e-06
9.623746e-07
4.694752e-07
2.295556e-07
1.153828e-07
5.505593e-08
3.287228e-08
2.395559e+00
8.713645e-01
2.321489e-01
2.573141e-02
1.191211e-03
3.237122e-04
1.596936e-04
7.880123e-05
3.886853e-05
1.916484e-05
9.447301e-06
4.659064e-06
2.295954e-06
1.132297e-06
5.579246e-07
2.755722e-07
1.383234e-07
7.198149e-08
3.354303e-08
2.382583e+00
8.767212e-01
2.345915e-01
2.632770e-02
1.264368e-03
3.520555e-04
1.755359e-04
8.754688e-05
4.364022e-05
2.174864e-05
1.083684e-05
5.399384e-06
2.691585e-06
1.339401e-06
6.679048e-07
3.371645e-07
1.664182e-07
8.376480e-08
4.465985e-08
2.094983e-08
2.370440e+00
8.815810e-01
2.379374e-01
2.692234e-02
1.344171e-03
3.847314e-04
1.939703e-04
9.781249e-05
4.929675e-05
2.483748e-05
1.251252e-05
6.302338e-06
3.176338e-06
1.599820e-06
8.051042e-07
4.078365e-07
2.052180e-07
1.029312e-07
5.352235e-08
2.677694e-08
2.358189e+00
8.864508e-01
2.411847e-01
2.754963e-02
1.433701e-03
4.226373e-04
2.155327e-04
1.099297e-04
5.603846e-05
2.855682e-05
1.455110e-05
7.414254e-06
3.777111e-06
1.924159e-06
9.814953e-07
4.996141e-07
2.546185e-07
1.300940e-07
6.624942e-08
3.406349e-08
2.349825e+00
8.894612e-01
2.441876e-01
2.809160e-02
1.533327e-03
4.671079e-04
2.410827e-04
1.244266e-04
6.418366e-05
3.309733e-05
1.706597e-05
8.797999e-06
4.535914e-06
2.338137e-06
1.204968e-06
6.217688e-07
3.205468e-07
1.651354e-07
8.724666e-08
4.410648e-08
2.342247e+00
8.956822e-01
2.464570e-01
2.868025e-02
1.638911e-03
5.193066e-04
2.713749e-04
1.418046e-04
7.405636e-05
3.866311e-05
2.018272e-05
1.053442e-05
5.497720e-06
2.870517e-06
1.497628e-06
7.812998e-07
4.104312e-07
2.136224e-07
1.145618e-07
5.812758e-08
3.158231e-08
2.334334e+00
9.012043e-01
2.497064e-01
2.928687e-02
1.766321e-03
5.815990e-04
3.079173e-04
1.629971e-04
8.623435e-05
4.560651e-05
2.411658e-05
1.275199e-05
6.741604e-06
3.564656e-06
1.884816e-06
9.972581e-07
5.264716e-07
2.811616e-07
1.471884e-07
7.783523e-08
4.118231e-08
2.331424e+00
9.049813e-01
2.517775e-01
2.991657e-02
1.904509e-03
6.557070e-04
3.519552e-04
1.888675e-04
1.012896e-04
5.430417e-05
2.910874e-05
1.560174e-05
8.361932e-06
4.481760e-06
2.401330e-06
1.287434e-06
6.897663e-07
3.699419e-07
1.997995e-07
1.061419e-07
5.838418e-08
2.327335e+00
9.139940e-01
2.545978e-01
3.058652e-02
2.066180e-03
7.451637e-04
4.058188e-04
2.209325e-04
1.202034e-04
6.537815e-05
3.555229e-05
1.933081e-05
1.051095e-05
5.714699e-06
3.107302e-06
1.688638e-06
9.180251e-07
5.005195e-07
2.713970e-07
1.476688e-07
8.094652e-08
4.361476e-08
2.330609e+00
9.191504e-01
2.566121e-01
3.122773e-02
2.254933e-03
8.547771e-04
4.727273e-04
2.613258e-04
1.443701e-04
7.972999e-05
4.402378e-05
2.430490e-05
1.341823e-05
7.407461e-06
4.088727e-06
2.257810e-06
1.246335e-06
6.877250e-07
3.809885e-07
2.095620e-07
1.156805e-07
6.386062e-08
2.332445e+00
9.273309e-01
2.599518e-01
3.194073e-02
2.478959e-03
9.899305e-04
5.565219e-04
3.127093e-04
1.755965e-04
9.856815e-05
5.531843e-05
3.104250e-05
1.741823e-05
9.773403e-06
5.483526e-06
3.077224e-06
1.726310e-06
9.685302e-07
5.436729e-07
3.052901e-07
1.710512e-07
9.601204e-08
2.339151e+00
9.386739e-01
2.620846e-01
3.284074e-02
2.753116e-03
1.158665e-03
6.629313e-04
3.790734e-04
2.166168e-04
1.237362e-04
7.066602e-05
4.035228e-05
2.304111e-05
1.315571e-05
7.511455e-06
4.288353e-06
2.448865e-06
1.397721e-06
7.984919e-07
4.555991e-07
2.621147e-07
1.487350e-07
8.521527e-08
2.353279e+00
9.471422e-01
2.655327e-01
3.372150e-02
3.079231e-03
1.370153e-03
7.989290e-04
4.655273e-04
2.710756e-04
1.577856e-04
9.182197e-05
5.342809e-05
3.108577e-05
1.808563e-05
1.052173e-05
6.121598e-06
3.561029e-06
2.071762e-06
1.205241e-06
7.012416e-07
4.078992e-07
2.374873e-07
1.380785e-07
8.201505e-08
2.367917e+00
9.596927e-01
2.700047e-01
3.466666e-02
3.482479e-03
1.640246e-03
9.761543e-04
5.805058e-04
3.449850e-04
2.049373e-04
1.217133e-04
7.227638e-05
4.291593e-05
2.548130e-05
1.512877e-05
8.982396e-06
5.332853e-06
3.166488e-06
1.879671e-06
1.116128e-06
6.625437e-07
3.933831e-07
2.335300e-07
1.399725e-07
2.393363e+00
9.724836e-01
2.738156e-01
3.573293e-02
3.982325e-03
1.983572e-03
1.207016e-03
7.338556e-04
4.458761e-04
2.707955e-04
1.644230e-04
9.982047e-05
6.059500e-05
3.678174e-05
2.232614e-05
1.355133e-05
8.225304e-06
4.992406e-06
3.030310e-06
1.839163e-06
1.116370e-06
6.775940e-07
4.112390e-07
2.496423e-07
1.514985e-07
2.419174e+00
9.915116e-01
2.782675e-01
3.712107e-02
4.610005e-03
2.429448e-03
1.514345e-03
9.431548e-04
5.870187e-04
3.652110e-04
2.271573e-04
1.412675e-04
8.784485e-05
5.462159e-05
3.396224e-05
2.111630e-05
1.312905e-05
8.162962e-06
5.075192e-06
3.155428e-06
1.961928e-06
1.219769e-06
7.583733e-07
4.715177e-07
2.946669e-07
1.826078e-07
2.457474e+00
1.010124e+00
2.838091e-01
3.871880e-02
5.405458e-03
3.006744e-03
1.923908e-03
1.230079e-03
7.859681e-04
5.019996e-04
3.205477e-04
2.046505e-04
1.306438e-04
8.339449e-05
5.323137e-05
3.397715e-05
2.168697e-05
1.384221e-05
8.835130e-06
5.639107e-06
3.599273e-06
2.297292e-06
1.466266e-06
9.359057e-07
5.975420e-07
3.812980e-07
2.434195e-07
2.508995e+00
1.031599e+00
2.893584e-01
4.038703e-02
6.347508e-03
3.743010e-03
2.464135e-03
1.620999e-03
1.065729e-03
7.004036e-04
4.601982e-04
3.023245e-04
1.985900e-04
1.304405e-04
8.567391e-05
5.626936e-05
3.695619e-05
2.427157e-05
1.594055e-05
1.046908e-05
6.875564e-06
4.515562e-06
2.965661e-06
1.947621e-06
1.279188e-06
8.400809e-07
5.516911e-07
3.623447e-07
2.380191e-07
2.565506e+00
1.052560e+00
2.962741e-01
4.250138e-02
7.492535e-03
4.681300e-03
3.178018e-03
2.155840e-03
1.461699e-03
9.905512e-04
6.713114e-04
4.548473e-04
3.080874e-04
2.087313e-04
1.413968e-04
9.578111e-05
6.487978e-05
4.394756e-05
2.976841e-05
2.016399e-05
1.365802e-05
9.251360e-06
6.266565e-06
4.244400e-06
2.875283e-06
1.947360e-06
1.319006e-06
8.936580e-07
6.051315e-07
4.099126e-07
2.629328e+00
1.081241e+00
3.026437e-01
4.478594e-02
8.854552e-03
5.830812e-03
4.088880e-03
2.865974e-03
2.008043e-03
1.406577e-03
9.850968e-04
6.898325e-04
4.830296e-04
3.382044e-04
2.367928e-04
1.657852e-04
1.160687e-04
8.126014e-05
5.689054e-05
3.982855e-05
2.788366e-05
1.952114e-05
1.366640e-05
9.567859e-06
6.698123e-06
4.689278e-06
3.283129e-06
2.298268e-06
1.609284e-06
1.126263e-06
7.888003e-07
5.520096e-07
2.695091e+00
1.100236e+00
3.091705e-01
4.700676e-02
1.040501e-02
7.191717e-03
5.216598e-03
3.783821e-03
2.743768e-03
1.989287e-03
1.442282e-03
1.045460e-03
7.578104e-04
5.492858e-04
3.981729e-04
2.885961e-04
2.091725e-04
1.516056e-04
1.098808e-04
7.963950e-05
5.772039e-05
4.183457e-05
3.032058e-05
2.197586e-05
1.592688e-05
1.154348e-05
8.366548e-06
6.063681e-06
4.394826e-06
3.185483e-06
2.308494e-06
1.673023e-06
1.212796e-06
8.790086e-07
6.368118e-07
2.765148e+00
1.108511e+00
3.132220e-01
4.922696e-02
1.202911e-02
8.676905e-03
6.518546e-03
4.895561e-03
3.676468e-03
2.760880e-03
2.073284e-03
1.556926e-03
1.169169e-03
8.778335e-04
6.592641e-04
4.950732e-04
3.717747e-04
2.791845e-04
2.096536e-04
1.574396e-04
1.182299e-04
8.878420e-05
6.667352e-05
5.006833e-05
3.759880e-05
2.823495e-05
2.120292e-05
1.592277e-05
1.195732e-05
8.978829e-06
6.743127e-06
5.063706e-06
3.802661e-06
2.855320e-06
2.144698e-06
1.610130e-06
1.209276e-06
9.083890e-07
2.809999e+00
1.113096e+00
3.168779e-01
5.118449e-02
1.356147e-02
1.018235e-02
7.914197e-03
6.154146e-03
4.784220e-03
3.720065e-03
2.892877e-03
2.249793e-03
1.749772e-03
1.360950e-03
1.058155e-03
8.232578e-04
6.403799e-04
4.981358e-04
3.874929e-04
3.014298e-04
2.344829e-04
1.824064e-04
1.418965e-04
1.103831e-04
8.586975e-05
6.679979e-05
5.196495e-05
4.042482e-05
3.144795e-05
2.446345e-05
1.903133e-05
1.480469e-05
1.151688e-05
8.959746e-06
6.969789e-06
5.421771e-06
4.218106e-06
3.281079e-06
2.552590e-06
1.985448e-06
1.545379e-06
1.201510e-06
2.833645e+00
1.107668e+00
3.188922e-01
5.278459e-02
1.483818e-02
1.153986e-02
9.268451e-03
7.448793e-03
5.987318e-03
4.813796e-03
3.871040e-03
3.113417e-03
2.504399e-03
2.014727e-03
1.620938e-03
1.304209e-03
1.049148e-03
8.443510e-04
6.794605e-04
5.467871e-04
4.400303e-04
3.541248e-04
2.849937e-04
2.293616e-04
1.845910e-04
1.485605e-04
1.195642e-04
9.622723e-05
7.744608e-05
6.233012e-05
5.016537e-05
4.037436e-05
3.249481e-05
2.615263e-05
2.104881e-05
1.694053e-05
1.363443e-05
1.097317e-05
8.832217e-06
7.108075e-06
5.720635e-06
4.604722e-06
3.705668e-06
2.982753e-06
2.400137e-06
1.931822e-06
1.555225e-06
2.831143e+00
1.095699e+00
3.185989e-01
5.383867e-02
1.570596e-02
1.260543e-02
1.044231e-02
8.654431e-03
7.175926e-03
5.951253e-03
4.936921e-03
4.096476e-03
3.400354e-03
2.822788e-03
2.343468e-03
1.945977e-03
1.615995e-03
1.342073e-03
1.114655e-03
9.258235e-04
7.690151e-04
6.387911e-04
5.306336e-04
4.408013e-04
3.661844e-04
3.042040e-04
2.527175e-04
2.099482e-04
1.744190e-04
1.449029e-04
1.203831e-04
1.000129e-04
8.308955e-05
6.903070e-05
5.735081e-05
4.764685e-05
3.958470e-05
3.288723e-05
2.732338e-05
2.270016e-05
1.885962e-05
1.566817e-05
1.301754e-05
1.081550e-05
8.985277e-06
7.465207e-06
6.202028e-06
5.152689e-06
4.280928e-06
3.556484e-06
2.955021e-06
2.455247e-06
2.039238e-06
2.810381e+00
1.082077e+00
3.197692e-01
5.420038e-02
1.605687e-02
1.323119e-02
1.127211e-02
9.607378e-03
8.193717e-03
6.990647e-03
5.964755e-03
5.092508e-03
4.348523e-03
3.713998e-03
3.172622e-03
2.710568e-03
2.316106e-03
1.979266e-03
1.691522e-03
1.445776e-03
1.235811e-03
1.056479e-03
9.031190e-04
7.720791e-04
6.600768e-04
5.643398e-04
4.825014e-04
4.125397e-04
3.527301e-04
3.015962e-04
2.578789e-04
2.205007e-04
1.885428e-04
1.612182e-04
1.378533e-04
1.178776e-04
1.007952e-04
8.618955e-05
7.370071e-05
6.302105e-05
5.389027e-05
4.608093e-05
3.940478e-05
3.369539e-05
2.881282e-05
2.463831e-05
2.106867e-05
1.801572e-05
1.540592e-05
1.317395e-05
1.126477e-05
9.632870e-06
8.237322e-06
7.043704e-06
6.023233e-06
5.150581e-06
4.404557e-06
3.765968e-06
3.220746e-06
2.753833e-06
2.767846e+00
1.069817e+00
3.177663e-01
5.432817e-02
1.590751e-02
1.338704e-02
1.169542e-02
1.022219e-02
8.938710e-03
7.819556e-03
6.842771e-03
5.989749e-03
5.244719e-03
4.593396e-03
4.023776e-03
3.525420e-03
3.089265e-03
2.707436e-03
2.373083e-03
2.080235e-03
1.823691e-03
1.598912e-03
1.401935e-03
1.229300e-03
1.077980e-03
9.453309e-04
8.290386e-04
7.270778e-04
6.376780e-04
5.592844e-04
4.905411e-04
4.302560e-04
3.773865e-04
3.310195e-04
2.903523e-04
2.546855e-04
2.234022e-04
1.959632e-04
1.718955e-04
1.507851e-04
1.322684e-04
1.160260e-04
1.017787e-04
8.928097e-05
7.831869e-05
6.870214e-05
6.026709e-05
5.286720e-05
4.637655e-05
4.068281e-05
3.568766e-05
3.130624e-05
2.746300e-05
2.409121e-05
2.113337e-05
1.853861e-05
1.626368e-05
1.426643e-05
1.251499e-05
1.097814e-05
9.630984e-06
8.448043e-06
7.411507e-06
6.501333e-06
5.703443e-06
5.002899e-06
4.388994e-06
3.849883e-06
3.377334e-06
2.722851e+00
1.064161e+00
3.183063e-01
5.390542e-02
1.529393e-02
1.308210e-02
1.167974e-02
1.043411e-02
9.325229e-03
8.337424e-03
7.456808e-03
6.670289e-03
5.969013e-03
5.343031e-03
4.783586e-03
4.283529e-03
3.836393e-03
3.436446e-03
3.078607e-03
2.758359e-03
2.471689e-03
2.215022e-03
1.985178e-03
1.779319e-03
1.594915e-03
1.429710e-03
1.281687e-03
1.149045e-03
1.030175e-03
9.235005e-04
8.280361e-04
7.424530e-04
6.657346e-04
5.969584e-04
5.352989e-04
4.800190e-04
4.304548e-04
3.860141e-04
3.461682e-04
3.104377e-04
2.783996e-04
2.496702e-04
2.239072e-04
2.008046e-04
1.800871e-04
1.615082e-04
1.448468e-04
1.299050e-04
1.165052e-04
1.044879e-04
9.371049e-05
8.404512e-05
7.537697e-05
6.760283e-05
6.063066e-05
5.437753e-05
4.877018e-05
4.374003e-05
3.922935e-05
3.518425e-05
3.155572e-05
2.830156e-05
2.538280e-05
2.276586e-05
2.041741e-05
1.831250e-05
1.642396e-05
1.473049e-05
1.321161e-05
1.184935e-05
1.062705e-05
9.531696e-06
8.548227e-06
7.667384e-06
6.876472e-06
6.167242e-06
5.531405e-06
4.961136e-06
4.449565e-06
3.991053e-06
2.673545e+00
1.058774e+00
3.156874e-01
5.355673e-02
1.435798e-02
1.241503e-02
1.129486e-02
1.028180e-02
9.362136e-03
8.529070e-03
7.771831e-03
7.084135e-03
6.458817e-03
5.890031e-03
5.370614e-03
4.900191e-03
4.471156e-03
4.080468e-03
3.724219e-03
3.399559e-03
3.103555e-03
2.833617e-03
2.587401e-03
2.362781e-03
2.157828e-03
1.970794e-03
1.800087e-03
1.644264e-03
1.502009e-03
1.372128e-03
1.253535e-03
1.145238e-03
1.046335e-03
9.560065e-04
8.735027e-04
7.981412e-04
7.293000e-04
6.664126e-04
6.089607e-04
5.564727e-04
5.085180e-04
4.647030e-04
4.246697e-04
3.880907e-04
3.546662e-04
3.241247e-04
2.962165e-04
2.707127e-04
2.474080e-04
2.261106e-04
2.066484e-04
1.888625e-04
1.726091e-04
1.577541e-04
1.441786e-04
1.317726e-04
1.204344e-04
1.100716e-04
1.006017e-04
9.194541e-05
8.403596e-05
7.680587e-05
7.019865e-05
6.415964e-05
5.864053e-05
5.359558e-05
4.898578e-05
4.477191e-05
4.092052e-05
3.740053e-05
3.418386e-05
3.124334e-05
2.855618e-05
2.609957e-05
2.385525e-05
2.180264e-05
1.992808e-05
1.821366e-05
1.664691e-05
1.521597e-05
1.390651e-05
1.271061e-05
1.161718e-05
1.061831e-05
9.705034e-06
8.870162e-06
8.107316e-06
7.410092e-06
6.773049e-06
6.189984e-06
5.657847e-06
5.171092e-06
4.726713e-06
2.630837e+00
1.055811e+00
3.154872e-01
5.285915e-02
1.322292e-02
1.146611e-02
1.060163e-02
9.806579e-03
9.074006e-03
8.397310e-03
7.774409e-03
7.199322e-03
6.667527e-03
6.177159e-03
5.723033e-03
5.304265e-03
4.916385e-03
4.557536e-03
4.225527e-03
3.918159e-03
3.633554e-03
3.369972e-03
3.125807e-03
2.899921e-03
2.690174e-03
2.495643e-03
2.315622e-03
2.148659e-03
1.993853e-03
1.850301e-03
1.717172e-03
1.593696e-03
1.479164e-03
1.372917e-03
1.274349e-03
1.182899e-03
1.098047e-03
1.019311e-03
9.462472e-04
8.784431e-04
8.155164e-04
7.571145e-04
7.029087e-04
6.525963e-04
6.058954e-04
5.625457e-04
5.223060e-04
4.849502e-04
4.502731e-04
4.180798e-04
3.881938e-04
3.604458e-04
3.346866e-04
3.107695e-04
2.885650e-04
2.679486e-04
2.488065e-04
2.310336e-04
2.145321e-04
1.992101e-04
1.849831e-04
1.717729e-04
1.595078e-04
1.481178e-04
1.375423e-04
1.277224e-04
1.186039e-04
1.101366e-04
1.022744e-04
9.497334e-05
8.819427e-05
8.189861e-05
7.605250e-05
7.061168e-05
6.557412e-05
6.089449e-05
5.654795e-05
5.251170e-05
4.876486e-05
4.528379e-05
4.205259e-05
3.905120e-05
3.626412e-05
3.367642e-05
3.127334e-05
2.904114e-05
2.696918e-05
2.504436e-05
2.325754e-05
2.159741e-05
2.005647e-05
1.862511e-05
1.729633e-05
1.606179e-05
1.491596e-05
1.385142e-05
1.286286e-05
1.194494e-05
1.109271e-05
1.030155e-05
9.566297e-06
8.883799e-06
8.249364e-06
7.661317e-06
7.114227e-06
6.606433e-06
6.135560e-06
5.697995e-06
5.290627e-06
2.591480e+00
1.052126e+00
3.150313e-01
5.198231e-02
1.194620e-02
1.033501e-02
9.684281e-03
9.078288e-03
8.513887e-03
7.986179e-03
7.491032e-03
7.028287e-03
6.598341e-03
6.193178e-03
5.814935e-03
5.460329e-03
5.128047e-03
4.816597e-03
4.524600e-03
4.250773e-03
3.993700e-03
3.752763e-03
3.526666e-03
3.313763e-03
3.114898e-03
2.927920e-03
2.752354e-03
2.587483e-03
2.432633e-03
2.287179e-03
2.150549e-03
2.022579e-03
1.901810e-03
1.788437e-03
1.681893e-03
1.581755e-03
1.487633e-03
1.399159e-03
1.315987e-03
1.237797e-03
1.164284e-03
1.095165e-03
1.030176e-03
9.690642e-04
9.115988e-04
8.575578e-04
8.067352e-04
7.589389e-04
7.139861e-04
6.717063e-04
6.319399e-04
5.945361e-04
5.593529e-04
5.262585e-04
4.951281e-04
4.658442e-04
4.382963e-04
4.123822e-04
3.880029e-04
3.650687e-04
3.434927e-04
3.231937e-04
3.040969e-04
2.861306e-04
2.692273e-04
2.533238e-04
2.383615e-04
2.242835e-04
2.110381e-04
1.985766e-04
1.868508e-04
1.758187e-04
1.654385e-04
1.556713e-04
1.464813e-04
1.378352e-04
1.296990e-04
1.220434e-04
1.148400e-04
1.080622e-04
1.016845e-04
9.568372e-05
9.003717e-05
8.472341e-05
7.972460e-05
7.501997e-05
7.059329e-05
6.642752e-05
6.250834e-05
5.882010e-05
5.534953e-05
5.208403e-05
4.901136e-05
4.611933e-05
4.339830e-05
4.083851e-05
3.842906e-05
3.616130e-05
3.402906e-05
3.202070e-05
3.013200e-05
2.835427e-05
2.668193e-05
2.510786e-05
2.362646e-05
2.223299e-05
2.092110e-05
1.968743e-05
1.852615e-05
1.743280e-05
1.640504e-05
1.543696e-05
1.452648e-05
1.366938e-05
1.286378e-05
1.210429e-05
1.139056e-05
1.071851e-05
1.008668e-05
9.491369e-06
8.931428e-06
8.404751e-06
7.909058e-06
7.442382e-06
7.003368e-06
6.590563e-06
6.201806e-06
5.835654e-06
2.555326e+00
1.043204e+00
3.139051e-01
5.123316e-02
1.070981e-02
9.122786e-03
8.645755e-03
8.197755e-03
7.774434e-03
7.374270e-03
6.995857e-03
6.637888e-03
6.299150e-03
5.978022e-03
5.674617e-03
5.387105e-03
5.114740e-03
4.856661e-03
4.612347e-03
4.380194e-03
4.160378e-03
3.951908e-03
3.754182e-03
3.565219e-03
3.387995e-03
3.218784e-03
3.058760e-03
2.906692e-03
2.762341e-03
2.625298e-03
2.494899e-03
2.371455e-03
2.254128e-03
2.142697e-03
2.036857e-03
1.936319e-03
1.840812e-03
1.750075e-03
1.663865e-03
1.581951e-03
1.504114e-03
1.430003e-03
1.359772e-03
1.292969e-03
1.229478e-03
1.169131e-03
1.111769e-03
1.057243e-03
1.005411e-03
9.561378e-04
9.092951e-04
8.647612e-04
8.224216e-04
7.821666e-04
7.438925e-04
7.075004e-04
6.728978e-04
6.399950e-04
6.087084e-04
5.789571e-04
5.506658e-04
5.237624e-04
4.981780e-04
4.738477e-04
4.507092e-04
4.287035e-04
4.077766e-04
3.878731e-04
3.689441e-04
3.509409e-04
3.338185e-04
3.175334e-04
3.020443e-04
2.873122e-04
2.733003e-04
2.599732e-04
2.472965e-04
2.352396e-04
2.237710e-04
2.128626e-04
2.024870e-04
1.926170e-04
1.832295e-04
1.742997e-04
1.658056e-04
1.577263e-04
1.500408e-04
1.427302e-04
1.357761e-04
1.291612e-04
1.228689e-04
1.168832e-04
1.111898e-04
1.057730e-04
1.006214e-04
9.572008e-05
9.105792e-05
8.662300e-05
8.240416e-05
7.839116e-05
7.457319e-05
7.094161e-05
6.748712e-05
6.420039e-05
6.107448e-05
5.809996e-05
5.527132e-05
5.257978e-05
5.001979e-05
4.758384e-05
4.526726e-05
4.306309e-05
4.096644e-05
3.897177e-05
3.707460e-05
3.526926e-05
3.355211e-05
3.191882e-05
3.036502e-05
2.888645e-05
2.748008e-05
2.614217e-05
2.486965e-05
2.365903e-05
2.250686e-05
2.141142e-05
2.036910e-05
1.937765e-05
1.843415e-05
1.753658e-05
1.668309e-05
1.587092e-05
1.509866e-05
1.436322e-05
1.366391e-05
1.299941e-05
1.236606e-05
1.176420e-05
1.119162e-05
1.064672e-05
1.012877e-05
9.635055e-06
9.166768e-06
8.720200e-06
8.295556e-06
7.892208e-06
7.507512e-06
7.142615e-06
6.794778e-06
6.463916e-06
2.514762e+00
1.036016e+00
3.137772e-01
5.059169e-02
9.554015e-03
7.901429e-03
7.559300e-03
7.234351e-03
6.923523e-03
6.628014e-03
6.345744e-03
6.076205e-03
5.818758e-03
5.572803e-03
5.337776e-03
5.113143e-03
4.898403e-03
4.693081e-03
4.496729e-03
4.308924e-03
4.129264e-03
3.957371e-03
3.792885e-03
3.634500e-03
3.484077e-03
3.339864e-03
3.201795e-03
3.069594e-03
2.942997e-03
2.821755e-03
2.705630e-03
2.594395e-03
2.487836e-03
2.385747e-03
2.287934e-03
2.194209e-03
2.104395e-03
2.018325e-03
1.935547e-03
1.856634e-03
1.780856e-03
1.708218e-03
1.638585e-03
1.571198e-03
1.507522e-03
1.446174e-03
1.387353e-03
1.330952e-03
1.276870e-03
1.225008e-03
1.175275e-03
1.127581e-03
1.081786e-03
1.037943e-03
9.958695e-04
9.556215e-04
9.168866e-04
8.797580e-04
8.441441e-04
8.099814e-04
7.772113e-04
7.457749e-04
7.156184e-04
6.866885e-04
6.589344e-04
6.323081e-04
6.067638e-04
5.822562e-04
5.587435e-04
5.361846e-04
5.145403e-04
4.937739e-04
4.738488e-04
4.547305e-04
4.363868e-04
4.187858e-04
4.018969e-04
3.856917e-04
3.701414e-04
3.552204e-04
3.409029e-04
3.271635e-04
3.139795e-04
3.013285e-04
2.891878e-04
2.775384e-04
2.663583e-04
2.556300e-04
2.453352e-04
2.354550e-04
2.259738e-04
2.168755e-04
2.081436e-04
1.997642e-04
1.917220e-04
1.840053e-04
1.765986e-04
1.694905e-04
1.626698e-04
1.561234e-04
1.498406e-04
1.438110e-04
1.380247e-04
1.324712e-04
1.271412e-04
1.220263e-04
1.171168e-04
1.124057e-04
1.078841e-04
1.035440e-04
9.937910e-05
9.538192e-05
9.154571e-05
8.786356e-05
8.432972e-05
8.093782e-05
7.768336e-05
7.455892e-05
7.156083e-05
6.868298e-05
6.592105e-05
6.327002e-05
6.072635e-05
5.828393e-05
5.594079e-05
5.369155e-05
5.153252e-05
4.946093e-05
4.747180e-05
4.556328e-05
4.373141e-05
4.197359e-05
4.028575e-05
3.866599e-05
3.711158e-05
3.561968e-05
3.418792e-05
3.281303e-05
3.149437e-05
3.022804e-05
2.901307e-05
2.784658e-05
2.672698e-05
2.565322e-05
2.462144e-05
2.363162e-05
2.268177e-05
2.177027e-05
2.089490e-05
2.005542e-05
1.924897e-05
1.847514e-05
1.773266e-05
1.701986e-05
1.633559e-05
1.567893e-05
1.504897e-05
1.444393e-05
1.386314e-05
1.330646e-05
1.277124e-05
1.225800e-05
1.176513e-05
1.129250e-05
1.083836e-05
1.040291e-05
9.984629e-06
9.583551e-06
9.198230e-06
8.828448e-06
8.473822e-06
8.132885e-06
7.806390e-06
7.492400e-06
7.191219e-06
2.471271e+00
1.032000e+00
3.131076e-01
5.010816e-02
8.487728e-03
6.729721e-03
6.485084e-03
6.253899e-03
6.031474e-03
5.817504e-03
5.611627e-03
5.413499e-03
5.222792e-03
5.038379e-03
4.861742e-03
4.691524e-03
4.527574e-03
4.369640e-03
4.217479e-03
4.071112e-03
3.929762e-03
3.793574e-03
3.662301e-03
3.535326e-03
3.413143e-03
3.295687e-03
3.181858e-03
3.072651e-03
2.967141e-03
2.865099e-03
2.767031e-03
2.672321e-03
2.580944e-03
2.492777e-03
2.407700e-03
2.325360e-03
2.246215e-03
2.169749e-03
2.095945e-03
2.024706e-03
1.955939e-03
1.889397e-03
1.825364e-03
1.763494e-03
1.703759e-03
1.646083e-03
1.590392e-03
1.536615e-03
1.484686e-03
1.434538e-03
1.386109e-03
1.339337e-03
1.294165e-03
1.250537e-03
1.208398e-03
1.167696e-03
1.128381e-03
1.090405e-03
1.053721e-03
1.018285e-03
9.840517e-04
9.509810e-04
9.190325e-04
8.881673e-04
8.582826e-04
8.294793e-04
8.016464e-04
7.747548e-04
7.487723e-04
7.236677e-04
6.994106e-04
6.759728e-04
6.533251e-04
6.314413e-04
6.102953e-04
5.898616e-04
5.701158e-04
5.508609e-04
5.325013e-04
5.146360e-04
4.974426e-04
4.808060e-04
4.647286e-04
4.491909e-04
4.341752e-04
4.196635e-04
4.056388e-04
3.920848e-04
3.789856e-04
3.663251e-04
3.540895e-04
3.422643e-04
3.307742e-04
3.196689e-04
3.090016e-04
2.986863e-04
2.887165e-04
2.790803e-04
2.697668e-04
2.607647e-04
2.520640e-04
2.436541e-04
2.355253e-04
2.276691e-04
2.200746e-04
2.127347e-04
2.056399e-04
1.987818e-04
1.921531e-04
1.857462e-04
1.795529e-04
1.735664e-04
1.677804e-04
1.621870e-04
1.567808e-04
1.515549e-04
1.465031e-04
1.416207e-04
1.369005e-04
1.323384e-04
1.279281e-04
1.236651e-04
1.195446e-04
1.155612e-04
1.117106e-04
1.079890e-04
1.043906e-04
1.009134e-04
9.755112e-05
9.430152e-05
9.116024e-05
8.812328e-05
8.518821e-05
8.235061e-05
7.960762e-05
7.695594e-05
7.439277e-05
7.191524e-05
6.951995e-05
6.720476e-05
6.496667e-05
6.280297e-05
6.071157e-05
5.868993e-05
5.673536e-05
5.484611e-05
5.301968e-05
5.125441e-05
4.954738e-05
4.789801e-05
4.630276e-05
4.476117e-05
4.327105e-05
4.182992e-05
4.043732e-05
3.909106e-05
3.778924e-05
3.653167e-05
3.531486e-05
3.413944e-05
3.300276e-05
3.190399e-05
3.084183e-05
2.981511e-05
2.882268e-05
2.786275e-05
2.693551e-05
2.603854e-05
2.517211e-05
2.433386e-05
2.352384e-05
2.274071e-05
2.198364e-05
2.125199e-05
2.054446e-05
1.986085e-05
1.919938e-05
1.856033e-05
1.794241e-05
1.734559e-05
1.676776e-05
1.620976e-05
1.567017e-05
1.514853e-05
1.464428e-05
1.415700e-05
1.368560e-05
1.323021e-05
1.278957e-05
1.236418e-05
1.195235e-05
1.155467e-05
1.117013e-05
1.079813e-05
1.043872e-05
1.009157e-05
9.755320e-06
9.430800e-06
9.116740e-06
8.813666e-06
8.519981e-06
8.236506e-06
7.962159e-06
7.697534e-06
7.440927e-06
2.427541e+00
1.023353e+00
3.100309e-01
4.905796e-02
7.431477e-03
5.617408e-03
5.446954e-03
5.285090e-03
5.128392e-03
4.976672e-03
4.830373e-03
4.687804e-03
4.549510e-03
4.416037e-03
4.286663e-03
4.161300e-03
4.038720e-03
3.921378e-03
3.806779e-03
3.696281e-03
3.589033e-03
3.485046e-03
3.384210e-03
3.286422e-03
3.191574e-03
3.099589e-03
3.010359e-03
2.923437e-03
2.839622e-03
2.758151e-03
2.679101e-03
2.602395e-03
2.527958e-03
2.455733e-03
2.385620e-03
2.317219e-03
2.251320e-03
2.187213e-03
2.124983e-03
2.064570e-03
2.005920e-03
1.948978e-03
1.893692e-03
1.840012e-03
1.787888e-03
1.737274e-03
1.688124e-03
1.640394e-03
1.594040e-03
1.548847e-03
1.505193e-03
1.463009e-03
1.421702e-03
1.381637e-03
1.342720e-03
1.304918e-03
1.268197e-03
1.232403e-03
1.197802e-03
1.164139e-03
1.131436e-03
1.099665e-03
1.068797e-03
1.038861e-03
1.009704e-03
9.813930e-04
9.538853e-04
9.271574e-04
9.011871e-04
8.759516e-04
8.514308e-04
8.276032e-04
8.044494e-04
7.819495e-04
7.600847e-04
7.388370e-04
7.181885e-04
6.978406e-04
6.784839e-04
6.595358e-04
6.411215e-04
6.232245e-04
6.057687e-04
5.888895e-04
5.724615e-04
5.564946e-04
5.409761e-04
5.258928e-04
5.112334e-04
4.969845e-04
4.831353e-04
4.696744e-04
4.565906e-04
4.438729e-04
4.315117e-04
4.194965e-04
4.078175e-04
3.964650e-04
3.854303e-04
3.747038e-04
3.642777e-04
3.541422e-04
3.442905e-04
3.347139e-04
3.254044e-04
3.163552e-04
3.074784e-04
2.989510e-04
2.906398e-04
2.825606e-04
2.747067e-04
2.670717e-04
2.596498e-04
2.524346e-04
2.454204e-04
2.386021e-04
2.319733e-04
2.255295e-04
2.192650e-04
2.131750e-04
2.072545e-04
2.014990e-04
1.959035e-04
1.904639e-04
1.851755e-04
1.800345e-04
1.750365e-04
1.701776e-04
1.654533e-04
1.608610e-04
1.563964e-04
1.520557e-04
1.478357e-04
1.437330e-04
1.397444e-04
1.358668e-04
1.320969e-04
1.284316e-04
1.248683e-04
1.214042e-04
1.180357e-04
1.147615e-04
1.115779e-04
1.084829e-04
1.054738e-04
1.025481e-04
9.970371e-05
9.693876e-05
9.424980e-05
9.163603e-05
8.909467e-05
8.662385e-05
8.422194e-05
8.188608e-05
7.961554e-05
7.740790e-05
7.526155e-05
7.317466e-05
7.114574e-05
6.917343e-05
6.725519e-05
6.539077e-05
6.357773e-05
6.181512e-05
6.010156e-05
5.843524e-05
5.681528e-05
5.524031e-05
5.370908e-05
5.222019e-05
5.077251e-05
4.936538e-05
4.799681e-05
4.666647e-05
4.537297e-05
4.411533e-05
4.289255e-05
4.170371e-05
4.054795e-05
3.942389e-05
3.833138e-05
3.726889e-05
3.623610e-05
3.523180e-05
3.425527e-05
3.330583e-05
3.238316e-05
3.148550e-05
3.061277e-05
2.976465e-05
2.893968e-05
2.813759e-05
2.735798e-05
2.659991e-05
2.586252e-05
2.514614e-05
2.444903e-05
2.377178e-05
2.311294e-05
2.247234e-05
2.184977e-05
2.124431e-05
2.065550e-05
2.008329e-05
1.952671e-05
1.898573e-05
1.845949e-05
1.794807e-05
1.745091e-05
1.696707e-05
1.649725e-05
1.603999e-05
1.559542e-05
1.516338e-05
1.474341e-05
1.433471e-05
1.393758e-05
1.355150e-05
1.317592e-05
1.281084e-05
1.245602e-05
1.211060e-05
1.177539e-05
1.144892e-05
1.113180e-05
1.082333e-05
1.052344e-05
1.023199e-05
9.948346e-06
9.672888e-06
9.404562e-06
9.144321e-06
8.890876e-06
8.644531e-06
8.405030e-06
8.172221e-06
7.945600e-06
