1.244634e+03
1.027507e+03
8.427290e+02
6.821050e+02
5.434733e+02
4.379579e+02
3.559147e+02
2.960337e+02
2.506965e+02
2.129541e+02
1.863348e+02
1.648838e+02
1.479556e+02
1.334151e+02
1.189451e+02
1.053075e+02
9.245603e+01
7.988421e+01
6.827537e+01
5.712043e+01
4.709887e+01
3.812057e+01
2.968994e+01
2.184047e+01
1.543462e+01
9.847709e+00
5.662687e+00
2.608551e+00
8.402923e-01
1.447222e-01
7.491901e-03
1.041499e-04
7.196184e-08
2.608308e+02
2.573573e+02
2.534369e+02
2.586446e+02
2.763227e+02
2.955243e+02
3.155985e+02
3.336897e+02
3.557232e+02
3.834712e+02
3.945453e+02
3.783817e+02
3.475592e+02
3.180355e+02
2.894903e+02
2.655215e+02
2.420617e+02
2.184893e+02
1.955171e+02
1.668321e+02
1.324304e+02
1.229926e+02
1.077351e+02
9.148192e+01
8.505255e+01
7.142920e+01
6.369024e+01
5.302074e+01
4.477618e+01
3.658461e+01
2.970715e+01
2.326735e+01
1.742812e+01
1.243679e+01
8.218961e+00
5.015972e+00
2.611835e+00
1.179876e+00
4.764808e-01
2.671233e-01
1.987038e-01
1.674822e-01
1.569461e-01
1.514683e-01
1.461759e-01
1.408466e-01
1.354037e-01
1.299125e-01
1.244615e-01
1.189502e-01
1.133721e-01
1.078743e-01
1.024012e-01
9.684150e-02
9.133469e-02
8.593967e-02
8.048241e-02
7.499376e-02
6.965643e-02
6.436689e-02
5.898030e-02
5.367479e-02
4.855761e-02
4.342108e-02
3.823972e-02
3.327220e-02
2.852624e-02
2.377578e-02
1.912678e-02
1.489026e-02
1.101906e-02
7.298092e-03
3.982276e-03
1.660469e-03
5.218009e-04
1.344248e-04
3.162673e-05
7.232596e-06
1.663626e-06
3.818854e-07
8.416993e-08
2.508043e-08
2.510241e-08
3.600338e-08
7.159605e-09
1.212879e+22
3.317381e+21
1.150698e+21
4.512755e+20
1.628164e+20
5.874820e+19
2.134344e+19
8.224592e+18
2.977980e+18
1.073392e+18
3.921447e+17
1.509794e+17
5.442370e+16
1.961696e+16
7.325363e+15
2.759114e+15
9.946084e+14
3.585156e+14
1.365694e+14
5.042241e+13
1.817683e+13
6.584060e+12
2.506911e+12
9.214665e+11
3.321899e+11
1.203297e+11
4.600368e+10
1.688974e+10
6.099687e+09
2.199337e+09
8.439807e+08
3.087072e+08
1.117596e+08
4.021220e+07
1.549366e+07
5.664999e+06
2.045995e+06
7.365540e+05
2.853348e+05
1.043294e+05
3.783098e+04
1.382672e+04
5.392713e+03
2.008212e+03
7.427590e+02
3.006957e+02
1.267137e+02
5.435920e+01
2.165883e+01
7.063430e+00
2.171807e+00
3.532381e-01
3.496706e-02
5.108276e-04
3.665418e-07
2.822863e-08
1.011717e-08
3.193034e-09
5.630462e-09
6.620681e-09
1.694255e-09
4.111994e-09
4.242018e-09
2.760835e+00
1.075967e+00
2.844489e-01
2.877010e-02
6.656481e-04
7.270250e-05
1.746109e-05
4.219429e-06
1.021619e-06
2.524844e-07
6.631905e-08
1.700045e-08
6.498934e-09
2.776436e+00
1.081783e+00
2.863212e-01
2.905484e-02
6.763167e-04
7.531990e-05
1.827779e-05
4.469865e-06
1.098627e-06
2.777703e-07
6.987138e-08
1.675981e-08
1.557834e-08
1.186999e-08
7.608519e-09
2.792560e+00
1.091884e+00
2.875196e-01
2.931914e-02
6.875287e-04
7.809733e-05
1.915616e-05
4.729271e-06
1.171017e-06
2.892303e-07
7.311299e-08
1.970687e-08
9.099796e-09
2.811686e+00
1.096614e+00
2.907262e-01
2.944880e-02
6.997273e-04
8.106228e-05
2.011111e-05
5.024834e-06
1.256226e-06
3.125612e-07
8.439300e-08
2.852881e-08
1.005208e-08
3.701218e-09
2.832938e+00
1.105139e+00
2.923254e-01
2.960407e-02
7.114535e-04
8.422426e-05
2.113455e-05
5.329066e-06
1.343397e-06
3.443631e-07
9.373162e-08
2.265306e-08
1.475965e-08
1.490113e-09
2.843732e+00
1.120260e+00
2.934178e-01
2.996138e-02
7.251988e-04
8.762072e-05
2.223747e-05
5.675033e-06
1.451294e-06
3.698928e-07
9.915896e-08
2.501295e-08
8.724367e-09
2.868741e+00
1.124560e+00
2.970670e-01
3.022201e-02
7.386341e-04
9.125353e-05
2.343404e-05
6.051562e-06
1.560486e-06
4.134736e-07
1.144622e-07
2.742396e-08
2.133049e-08
1.366425e-08
6.477724e-09
2.888692e+00
1.136219e+00
2.969488e-01
3.038297e-02
7.534424e-04
9.517233e-05
2.474287e-05
6.474345e-06
1.697978e-06
4.461166e-07
1.166986e-07
3.853549e-08
1.509946e-08
6.142681e-09
2.911683e+00
1.144627e+00
3.018380e-01
3.053836e-02
7.729521e-04
9.938870e-05
2.616407e-05
6.920351e-06
1.831896e-06
4.857731e-07
1.343037e-07
3.967632e-08
1.110739e-08
5.306465e-09
2.937034e+00
1.154752e+00
3.037022e-01
3.075215e-02
7.842728e-04
1.039352e-04
2.772190e-05
7.429863e-06
1.989740e-06
5.336301e-07
1.512897e-07
4.629819e-08
1.532828e-08
4.273407e-09
2.958213e+00
1.168804e+00
3.065587e-01
3.113471e-02
8.023578e-04
1.088626e-04
2.943103e-05
7.993658e-06
2.170120e-06
5.885061e-07
1.633051e-07
4.501269e-08
2.072926e-08
3.914255e-09
2.989598e+00
1.175494e+00
3.073646e-01
3.149615e-02
8.196329e-04
1.142138e-04
3.130124e-05
8.619228e-06
2.368393e-06
6.521408e-07
1.791641e-07
4.995325e-08
1.393673e-08
5.800114e-09
3.011740e+00
1.189067e+00
3.152345e-01
3.166337e-02
8.402617e-04
1.200579e-04
3.337217e-05
9.314999e-06
2.603830e-06
7.271157e-07
2.059377e-07
5.998980e-08
2.292981e-08
1.235605e-08
9.262162e-09
3.037679e+00
1.205042e+00
3.173163e-01
3.226704e-02
8.644206e-04
1.264504e-04
3.567278e-05
1.010329e-05
2.865397e-06
8.138757e-07
2.343379e-07
6.725277e-08
2.844700e-08
7.758924e-09
3.074453e+00
1.214380e+00
3.207748e-01
3.229397e-02
8.848540e-04
1.334530e-04
3.823532e-05
1.099334e-05
3.156213e-06
9.132655e-07
2.641548e-07
7.594287e-08
2.888305e-08
7.176175e-09
3.100003e+00
1.234625e+00
3.242625e-01
3.303032e-02
9.131762e-04
1.411570e-04
4.107982e-05
1.199869e-05
3.505133e-06
1.029869e-06
3.031674e-07
8.841999e-08
3.006153e-08
7.581542e-09
3.141520e+00
1.247151e+00
3.271934e-01
3.313004e-02
9.361467e-04
1.496975e-04
4.428434e-05
1.314592e-05
3.897364e-06
1.161722e-06
3.439457e-07
1.039651e-07
3.036081e-08
1.481703e-08
1.055101e-08
4.415028e-09
3.173803e+00
1.269826e+00
3.317218e-01
3.350621e-02
9.752226e-04
1.591705e-04
4.790539e-05
1.447124e-05
4.366039e-06
1.317765e-06
4.060516e-07
1.283494e-07
3.676539e-08
1.151512e-08
7.121757e-09
3.215918e+00
1.286727e+00
3.390785e-01
3.404279e-02
9.963195e-04
1.697572e-04
5.200422e-05
1.597922e-05
4.907351e-06
1.505599e-06
4.611912e-07
1.460180e-07
4.968432e-08
1.499225e-08
3.263385e+00
1.307905e+00
3.434197e-01
3.425740e-02
1.040771e-03
1.816444e-04
5.670107e-05
1.774473e-05
5.548346e-06
1.738202e-06
5.479135e-07
1.714264e-07
5.373379e-08
1.859948e-08
6.032361e-09
3.300092e+00
1.337995e+00
3.491446e-01
3.520196e-02
1.070384e-03
1.950855e-04
6.209234e-05
1.981214e-05
6.308880e-06
2.013860e-06
6.434162e-07
2.070990e-07
7.679578e-08
2.911074e-08
9.442420e-09
3.356928e+00
1.358741e+00
3.531508e-01
3.565425e-02
1.113476e-03
2.103870e-04
6.835321e-05
2.224308e-05
7.234713e-06
2.350468e-06
7.645413e-07
2.492892e-07
8.145127e-08
2.766843e-08
1.077188e-08
8.784429e-09
3.394239e+00
1.385479e+00
3.617084e-01
3.599378e-02
1.159090e-03
2.280092e-04
7.569706e-05
2.516012e-05
8.351827e-06
2.770594e-06
9.256337e-07
3.085290e-07
1.029391e-07
3.439342e-08
1.316843e-08
5.928292e-09
3.431310e+00
1.402068e+00
3.663943e-01
3.743889e-02
1.220838e-03
2.484768e-04
8.441370e-05
2.869766e-05
9.743026e-06
3.307356e-06
1.123899e-06
3.899560e-07
1.377602e-07
5.442758e-08
1.847229e-08
3.462552e+00
1.410625e+00
3.696587e-01
3.679655e-02
1.271210e-03
2.727168e-04
9.494279e-05
3.304920e-05
1.149066e-05
3.993742e-06
1.388985e-06
4.818912e-07
1.748754e-07
6.409042e-08
2.106036e-08
8.295485e-09
3.472262e+00
1.415953e+00
3.748596e-01
3.917211e-02
1.365993e-03
3.020066e-04
1.079459e-04
3.854278e-05
1.374080e-05
4.895519e-06
1.750012e-06
6.219080e-07
2.240505e-07
8.003662e-08
2.891134e-08
2.253875e-08
1.349453e-08
5.139702e-09
3.495181e+00
1.413877e+00
3.730026e-01
3.876464e-02
1.428689e-03
3.384897e-04
1.245157e-04
4.568478e-05
1.673217e-05
6.125168e-06
2.249731e-06
8.210113e-07
3.045009e-07
1.135379e-07
4.166017e-08
1.694912e-08
9.658664e-09
3.499416e+00
1.428175e+00
3.717345e-01
3.866086e-02
1.525755e-03
3.860463e-04
1.465498e-04
5.537397e-05
2.088625e-05
7.872767e-06
2.970159e-06
1.120500e-06
4.271599e-07
1.724339e-07
7.682399e-08
3.098734e-08
1.150148e-08
5.223836e-09
3.506433e+00
1.430966e+00
3.753077e-01
3.930564e-02
1.659950e-03
4.524226e-04
1.775275e-04
6.928256e-05
2.698589e-05
1.050337e-05
4.087693e-06
1.590213e-06
6.244215e-07
2.576807e-07
1.002749e-07
4.332673e-08
1.956672e-08
6.162471e-09
3.524205e+00
1.421717e+00
3.814170e-01
4.029572e-02
1.851209e-03
5.503620e-04
2.239691e-04
9.060249e-05
3.657207e-05
1.474951e-05
5.946427e-06
2.397552e-06
9.686076e-07
3.929714e-07
1.670047e-07
7.077298e-08
3.147656e-08
1.058889e-08
5.178790e-09
3.537933e+00
1.429967e+00
3.785296e-01
4.005701e-02
2.129465e-03
7.030739e-04
2.980950e-04
1.255796e-04
5.277237e-05
2.215378e-05
9.297510e-06
3.900118e-06
1.636296e-06
6.867128e-07
2.885644e-07
1.265155e-07
5.223267e-08
2.307243e-08
8.925483e-09
3.552343e+00
1.430638e+00
3.816380e-01
4.112983e-02
2.583455e-03
9.504789e-04
4.222862e-04
1.863371e-04
8.198918e-05
3.603173e-05
1.582645e-05
6.950143e-06
3.051906e-06
1.340986e-06
5.902665e-07
2.599245e-07
1.137825e-07
5.165351e-08
2.199561e-08
1.703520e-08
3.590654e+00
1.426699e+00
3.743693e-01
4.113323e-02
3.202639e-03
1.348111e-03
6.316513e-04
2.938853e-04
1.363114e-04
6.313278e-05
2.922119e-05
1.352105e-05
6.255558e-06
2.895841e-06
1.338880e-06
6.216332e-07
2.875375e-07
1.377770e-07
6.999501e-08
2.859154e-08
1.484086e-08
3.625321e+00
1.415212e+00
3.631072e-01
4.142046e-02
4.235432e-03
1.952356e-03
9.703787e-04
4.790375e-04
2.357699e-04
1.158606e-04
5.689096e-05
2.792679e-05
1.370544e-05
6.725514e-06
3.301071e-06
1.619784e-06
7.953315e-07
3.906389e-07
1.928739e-07
9.563728e-08
5.153107e-08
2.436182e-08
3.646458e+00
1.369838e+00
3.476358e-01
4.091733e-02
5.457665e-03
2.761278e-03
1.461079e-03
7.686755e-04
4.032246e-04
2.112010e-04
1.105413e-04
5.782868e-05
3.024793e-05
1.581932e-05
8.275045e-06
4.326123e-06
2.262339e-06
1.183255e-06
6.187907e-07
3.252236e-07
1.716747e-07
9.383223e-08
4.902612e-08
3.633143e+00
1.297618e+00
3.236145e-01
4.000409e-02
6.744047e-03
3.677005e-03
2.070803e-03
1.161004e-03
6.493506e-04
3.626959e-04
2.024373e-04
1.129463e-04
6.299990e-05
3.513894e-05
1.959374e-05
1.093065e-05
6.093322e-06
3.397289e-06
1.896906e-06
1.058116e-06
5.909970e-07
3.286632e-07
1.845561e-07
1.026801e-07
5.936508e-08
3.551748e+00
1.205418e+00
3.021101e-01
3.874640e-02
7.828399e-03
4.547583e-03
2.715328e-03
1.615896e-03
9.598432e-04
5.695295e-04
3.377312e-04
2.001951e-04
1.186484e-04
7.030393e-05
4.165658e-05
2.467908e-05
1.462695e-05
8.664908e-06
5.132591e-06
3.040344e-06
1.803888e-06
1.066626e-06
6.368761e-07
3.744732e-07
2.217447e-07
1.359216e-07
3.394027e+00
1.133874e+00
2.836852e-01
3.779421e-02
8.615191e-03
5.288447e-03
3.326476e-03
2.087730e-03
1.308251e-03
8.193897e-04
5.128952e-04
3.209484e-04
2.007956e-04
1.256122e-04
7.856898e-05
4.914715e-05
3.073914e-05
1.922397e-05
1.202607e-05
7.521007e-06
4.707143e-06
2.940762e-06
1.839703e-06
1.150386e-06
7.192250e-07
4.568124e-07
2.811807e-07
1.759609e-07
3.229804e+00
1.060061e+00
2.712554e-01
3.681299e-02
9.077401e-03
5.837721e-03
3.842012e-03
2.523600e-03
1.657472e-03
1.087670e-03
7.134855e-04
4.679187e-04
3.068214e-04
2.011660e-04
1.318876e-04
8.645804e-05
5.668315e-05
3.716074e-05
2.435285e-05
1.596848e-05
1.046828e-05
6.859798e-06
4.499121e-06
2.947533e-06
1.933952e-06
1.267278e-06
8.321667e-07
5.439557e-07
3.562474e-07
2.367919e-07
3.063418e+00
1.015092e+00
2.586399e-01
3.576540e-02
9.284359e-03
6.210452e-03
4.248280e-03
2.904745e-03
1.984615e-03
1.355427e-03
9.254631e-04
6.317347e-04
4.312298e-04
2.943287e-04
2.008782e-04
1.370973e-04
9.355894e-05
6.385071e-05
4.357275e-05
2.973675e-05
2.029483e-05
1.384394e-05
9.453758e-06
6.450410e-06
4.398338e-06
3.007996e-06
2.048915e-06
1.398310e-06
9.533591e-07
6.510742e-07
4.466999e-07
2.899697e+00
9.753747e-01
2.550815e-01
3.508744e-02
9.366300e-03
6.472970e-03
4.579471e-03
3.238085e-03
2.288752e-03
1.617345e-03
1.142693e-03
8.072508e-04
5.702347e-04
4.027791e-04
2.844893e-04
2.009363e-04
1.419195e-04
1.002334e-04
7.079120e-05
4.999762e-05
3.531280e-05
2.493686e-05
1.760951e-05
1.244301e-05
8.786876e-06
6.202553e-06
4.380766e-06
3.096921e-06
2.188194e-06
1.542985e-06
1.089860e-06
7.689278e-07
5.465301e-07
2.786232e+00
9.269358e-01
2.489085e-01
3.416970e-02
9.244660e-03
6.570700e-03
4.782253e-03
3.479895e-03
2.532598e-03
1.842663e-03
1.340550e-03
9.751934e-04
7.093854e-04
5.160021e-04
3.753293e-04
2.730065e-04
1.985711e-04
1.444370e-04
1.050525e-04
7.640945e-05
5.557530e-05
4.042340e-05
2.940585e-05
2.138352e-05
1.555174e-05
1.131222e-05
8.226457e-06
5.989520e-06
4.350640e-06
3.164332e-06
2.304651e-06
1.680182e-06
1.217171e-06
8.857542e-07
6.449919e-07
2.667229e+00
9.115095e-01
2.435500e-01
3.336697e-02
9.057395e-03
6.594870e-03
4.921901e-03
3.672894e-03
2.740604e-03
2.044845e-03
1.525661e-03
1.138265e-03
8.492196e-04
6.335685e-04
4.726690e-04
3.526310e-04
2.630782e-04
1.962680e-04
1.464241e-04
1.092329e-04
8.149397e-05
6.079570e-05
4.535876e-05
3.383429e-05
2.524345e-05
1.883526e-05
1.404739e-05
1.048087e-05
7.820859e-06
5.833941e-06
4.350061e-06
3.248341e-06
2.422368e-06
1.808772e-06
1.346942e-06
1.004617e-06
7.532647e-07
2.560165e+00
8.940305e-01
2.420997e-01
3.280885e-02
8.855468e-03
6.580123e-03
5.018303e-03
3.827199e-03
2.918787e-03
2.225999e-03
1.697652e-03
1.294714e-03
9.874203e-04
7.530586e-04
5.743320e-04
4.380233e-04
3.340621e-04
2.547779e-04
1.943113e-04
1.481903e-04
1.130245e-04
8.619723e-05
6.574190e-05
5.013818e-05
3.824121e-05
2.916105e-05
2.224407e-05
1.696273e-05
1.293737e-05
9.868414e-06
7.524768e-06
5.739415e-06
4.377086e-06
3.338898e-06
2.546495e-06
1.944250e-06
1.481602e-06
1.127474e-06
2.486015e+00
8.743338e-01
2.387392e-01
3.210814e-02
8.578723e-03
6.491653e-03
5.045219e-03
3.921875e-03
3.048795e-03
2.369822e-03
1.842448e-03
1.432440e-03
1.113708e-03
8.656720e-04
6.730951e-04
5.233459e-04
4.069185e-04
3.163926e-04
2.460120e-04
1.912823e-04
1.487290e-04
1.156485e-04
8.992275e-05
6.991735e-05
5.436777e-05
4.227509e-05
3.286437e-05
2.556124e-05
1.987000e-05
1.545107e-05
1.201377e-05
9.342006e-06
7.266074e-06
5.651373e-06
4.388973e-06
3.417826e-06
2.654800e-06
2.063260e-06
1.604903e-06
1.251632e-06
2.402317e+00
8.681086e-01
2.375506e-01
3.160560e-02
8.332028e-03
6.404073e-03
5.062278e-03
3.999446e-03
3.163144e-03
2.501137e-03
1.977802e-03
1.564038e-03
1.236890e-03
9.781965e-04
7.736333e-04
6.118582e-04
4.839202e-04
3.827346e-04
3.027171e-04
2.394257e-04
1.893692e-04
1.497754e-04
1.184656e-04
9.370111e-05
7.410844e-05
5.862068e-05
4.636307e-05
3.666654e-05
2.900801e-05
2.293914e-05
1.814564e-05
1.435477e-05
1.135246e-05
8.975958e-06
7.103082e-06
5.618375e-06
4.441274e-06
3.516394e-06
2.778247e-06
2.196832e-06
1.743158e-06
1.374024e-06
2.347192e+00
8.560916e-01
2.359883e-01
3.110615e-02
8.083460e-03
6.293014e-03
5.051858e-03
4.052202e-03
3.253519e-03
2.611736e-03
2.096712e-03
1.683353e-03
1.351552e-03
1.085196e-03
8.713658e-04
6.996828e-04
5.617056e-04
4.510901e-04
3.622334e-04
2.908803e-04
2.335894e-04
1.875795e-04
1.506363e-04
1.209663e-04
9.714121e-05
7.801418e-05
6.264534e-05
5.030991e-05
4.040176e-05
3.244216e-05
2.605903e-05
2.092111e-05
1.680135e-05
1.349418e-05
1.083768e-05
8.701096e-06
6.986816e-06
5.610984e-06
4.509420e-06
3.619513e-06
2.908305e-06
2.334493e-06
1.873116e-06
1.504688e-06
2.290367e+00
8.458562e-01
2.348059e-01
3.071496e-02
7.829339e-03
6.170142e-03
5.018374e-03
4.082394e-03
3.321412e-03
2.702580e-03
2.199235e-03
1.789767e-03
1.456624e-03
1.185549e-03
9.646963e-04
7.852865e-04
6.392047e-04
5.203158e-04
4.235420e-04
3.447747e-04
2.806601e-04
2.284639e-04
1.859864e-04
1.514028e-04
1.232476e-04
1.003305e-04
8.167865e-05
6.648980e-05
5.413005e-05
4.406280e-05
3.587174e-05
2.920216e-05
2.377138e-05
1.935050e-05
1.575483e-05
1.282577e-05
1.044258e-05
8.497665e-06
6.918044e-06
5.634031e-06
4.586567e-06
3.731894e-06
3.037996e-06
2.474559e-06
2.017391e-06
1.637678e-06
2.242429e+00
8.412651e-01
2.343325e-01
3.041232e-02
7.575467e-03
6.039550e-03
4.972382e-03
4.094628e-03
3.372487e-03
2.777802e-03
2.288254e-03
1.885137e-03
1.553136e-03
1.279676e-03
1.054245e-03
8.687158e-04
7.158431e-04
5.898835e-04
4.861021e-04
4.005832e-04
3.301161e-04
2.720466e-04
2.241933e-04
1.847660e-04
1.522671e-04
1.254826e-04
1.034135e-04
8.523132e-05
7.024005e-05
5.788421e-05
4.770391e-05
3.931881e-05
3.239985e-05
2.670389e-05
2.200723e-05
1.813708e-05
1.494904e-05
1.231932e-05
1.015015e-05
8.367323e-06
6.895413e-06
5.682786e-06
4.684534e-06
3.859607e-06
3.180167e-06
2.620936e-06
2.163562e-06
1.780168e-06
2.202810e+00
8.351715e-01
2.333387e-01
3.002837e-02
7.341880e-03
5.908684e-03
4.918842e-03
4.095705e-03
3.409315e-03
2.840199e-03
2.365775e-03
1.970764e-03
1.641824e-03
1.367867e-03
1.139682e-03
9.495996e-04
7.912468e-04
6.593181e-04
5.494030e-04
4.578207e-04
3.815075e-04
3.179215e-04
2.649383e-04
2.207836e-04
1.839924e-04
1.533307e-04
1.277805e-04
1.064848e-04
8.874304e-05
7.395722e-05
6.163517e-05
5.136123e-05
4.280650e-05
3.567247e-05
2.972793e-05
2.478004e-05
2.064762e-05
1.720594e-05
1.433941e-05
1.195214e-05
9.957532e-06
8.302882e-06
6.916325e-06
5.765401e-06
4.803897e-06
4.005538e-06
3.334793e-06
2.782216e-06
2.318067e-06
2.160246e+00
8.324860e-01
2.333707e-01
2.969879e-02
7.117826e-03
5.774243e-03
4.855323e-03
4.083974e-03
3.435670e-03
2.890638e-03
2.431690e-03
2.046363e-03
1.721809e-03
1.449270e-03
1.219824e-03
1.026745e-03
8.642642e-04
7.275144e-04
6.124209e-04
5.155447e-04
4.340026e-04
3.653603e-04
3.075844e-04
2.589414e-04
2.179987e-04
1.835273e-04
1.545085e-04
1.300813e-04
1.095142e-04
9.219653e-05
7.762426e-05
6.535127e-05
5.501972e-05
4.632002e-05
3.899836e-05
3.283116e-05
2.764361e-05
2.327229e-05
1.959484e-05
1.649441e-05
1.388837e-05
1.169132e-05
9.846419e-06
8.286932e-06
6.975557e-06
5.878724e-06
4.945189e-06
4.163170e-06
3.507761e-06
2.950258e-06
2.487587e-06
2.127293e+00
8.299787e-01
2.330376e-01
2.947364e-02
6.910746e-03
5.652825e-03
4.796275e-03
4.072809e-03
3.458317e-03
2.936900e-03
2.494357e-03
2.118693e-03
1.799736e-03
1.528896e-03
1.298888e-03
1.102908e-03
9.373363e-04
7.964192e-04
6.767032e-04
5.749987e-04
4.885887e-04
4.149132e-04
3.526885e-04
2.997011e-04
2.546759e-04
2.164210e-04
1.839089e-04
1.562840e-04
1.328116e-04
1.128571e-04
9.591085e-05
8.150273e-05
6.926281e-05
5.886383e-05
5.002011e-05
4.250694e-05
3.612516e-05
3.069597e-05
2.608880e-05
2.216939e-05
1.884045e-05
1.601266e-05
1.360629e-05
1.156127e-05
9.827818e-06
8.350370e-06
7.095409e-06
6.034446e-06
5.122800e-06
4.357113e-06
3.700708e-06
3.144993e-06
2.672557e-06
2.097887e+00
8.267413e-01
2.332128e-01
2.926875e-02
6.716397e-03
5.530410e-03
4.734852e-03
4.054581e-03
3.472538e-03
2.974419e-03
2.548017e-03
2.182939e-03
1.870309e-03
1.602562e-03
1.373221e-03
1.176755e-03
1.008442e-03
8.642330e-04
7.406679e-04
6.347893e-04
5.440522e-04
4.663000e-04
3.996620e-04
3.425563e-04
2.936058e-04
2.516624e-04
2.157045e-04
1.848932e-04
1.584773e-04
1.358439e-04
1.164346e-04
9.980431e-05
8.554868e-05
7.333091e-05
6.285384e-05
5.387775e-05
4.618068e-05
3.958724e-05
3.393093e-05
2.908747e-05
2.493061e-05
2.137263e-05
1.831656e-05
1.570386e-05
1.345857e-05
1.153822e-05
9.891121e-06
8.477524e-06
7.266304e-06
6.226275e-06
5.341126e-06
4.577900e-06
3.921073e-06
3.363985e-06
2.881644e-06
2.070411e+00
8.246505e-01
2.330516e-01
2.906883e-02
6.533161e-03
5.413668e-03
4.672100e-03
4.032866e-03
3.481046e-03
3.005630e-03
2.595339e-03
2.241262e-03
1.935633e-03
1.671798e-03
1.444007e-03
1.247314e-03
1.077462e-03
9.307711e-04
8.040779e-04
6.946509e-04
6.001267e-04
5.184769e-04
4.479465e-04
3.870147e-04
3.343740e-04
2.888973e-04
2.496057e-04
2.156679e-04
1.863377e-04
1.610040e-04
1.391052e-04
1.201969e-04
1.038550e-04
8.973324e-05
7.753251e-05
6.699235e-05
5.788350e-05
5.001309e-05
4.321628e-05
3.734155e-05
3.226392e-05
2.787597e-05
2.408867e-05
2.081536e-05
1.798216e-05
1.554069e-05
1.342441e-05
1.160040e-05
1.002726e-05
8.659967e-06
7.482926e-06
6.469410e-06
5.586031e-06
4.830530e-06
4.170602e-06
3.604669e-06
3.114901e-06
2.691481e-06
2.042935e+00
8.232202e-01
2.329920e-01
2.888286e-02
6.351926e-03
5.295699e-03
4.604190e-03
4.003134e-03
3.481870e-03
3.028650e-03
2.634694e-03
2.292188e-03
1.994353e-03
1.735342e-03
1.510056e-03
1.314079e-03
1.143589e-03
9.952589e-04
8.661947e-04
7.538919e-04
6.561591e-04
5.711177e-04
4.971005e-04
4.326876e-04
3.766221e-04
3.278314e-04
2.853585e-04
2.483955e-04
2.162194e-04
1.882107e-04
1.638364e-04
1.426157e-04
1.241472e-04
1.080672e-04
9.407350e-05
8.188912e-05
7.128516e-05
6.205572e-05
5.401660e-05
4.702301e-05
4.093540e-05
3.563187e-05
3.102130e-05
2.700164e-05
2.350437e-05
2.046253e-05
1.781434e-05
1.550566e-05
1.349783e-05
1.174976e-05
1.022842e-05
8.905279e-06
7.750450e-06
6.748889e-06
5.874675e-06
5.111666e-06
4.452520e-06
3.874749e-06
3.372894e-06
2.938895e-06
2.018183e+00
8.237654e-01
2.333904e-01
2.878349e-02
6.205250e-03
5.202401e-03
4.554664e-03
3.988456e-03
3.493095e-03
3.059602e-03
2.680172e-03
2.348008e-03
2.057160e-03
1.802462e-03
1.579392e-03
1.383998e-03
1.212833e-03
1.062875e-03
9.314927e-04
8.163788e-04
7.155025e-04
6.271111e-04
5.496467e-04
4.817591e-04
4.222699e-04
3.699332e-04
3.243380e-04
2.842964e-04
2.491937e-04
2.184367e-04
1.914693e-04
1.678358e-04
1.471198e-04
1.289607e-04
1.130428e-04
9.909337e-05
8.686371e-05
7.614123e-05
6.674730e-05
5.850865e-05
5.128537e-05
4.496025e-05
3.940902e-05
3.454910e-05
3.028177e-05
2.654781e-05
2.327044e-05
2.039773e-05
1.788314e-05
1.567486e-05
1.373979e-05
1.204584e-05
1.055853e-05
9.258138e-06
8.112566e-06
7.113200e-06
6.235921e-06
5.466011e-06
4.789647e-06
4.199011e-06
3.683732e-06
3.226950e-06
1.998452e+00
8.228235e-01
2.335395e-01
2.867576e-02
6.074603e-03
5.115969e-03
4.508381e-03
3.972170e-03
3.501403e-03
3.087366e-03
2.720562e-03
2.399762e-03
2.116277e-03
1.866407e-03
1.645949e-03
1.451771e-03
1.280558e-03
1.129578e-03
9.964370e-04
8.790165e-04
7.754538e-04
6.841087e-04
6.035349e-04
5.324632e-04
4.697668e-04
4.144614e-04
3.656684e-04
3.226268e-04
2.846538e-04
2.511498e-04
2.215911e-04
1.955153e-04
1.725089e-04
1.522077e-04
1.342997e-04
1.184933e-04
1.045540e-04
9.225279e-05
8.139868e-05
7.182059e-05
6.337223e-05
5.591725e-05
4.933650e-05
4.353340e-05
3.841196e-05
3.389283e-05
2.990525e-05
2.638855e-05
2.328211e-05
2.054259e-05
1.812738e-05
1.599576e-05
1.411330e-05
1.245274e-05
1.098659e-05
9.697752e-06
8.556063e-06
7.547674e-06
6.659581e-06
5.877118e-06
5.185203e-06
4.575291e-06
4.037833e-06
3.562056e-06
1.979770e+00
8.226273e-01
2.340036e-01
2.858396e-02
5.956125e-03
5.039322e-03
4.467475e-03
3.962599e-03
3.514853e-03
3.118032e-03
2.765571e-03
2.454093e-03
2.177580e-03
1.932348e-03
1.714836e-03
1.521234e-03
1.350307e-03
1.198480e-03
1.063758e-03
9.442101e-04
8.381222e-04
7.439725e-04
6.604113e-04
5.862488e-04
5.204239e-04
4.619961e-04
4.101334e-04
3.640975e-04
3.232350e-04
2.869577e-04
2.547554e-04
2.261670e-04
2.007914e-04
1.782622e-04
1.582609e-04
1.405057e-04
1.247423e-04
1.107479e-04
9.832416e-05
8.729471e-05
7.750099e-05
6.880805e-05
6.108847e-05
5.423545e-05
4.815369e-05
4.275152e-05
3.795471e-05
3.370011e-05
2.992028e-05
2.656215e-05
2.358290e-05
2.093811e-05
1.859129e-05
1.650369e-05
1.465341e-05
1.301039e-05
1.155151e-05
1.025374e-05
9.105278e-06
8.085592e-06
7.176262e-06
6.371483e-06
5.658559e-06
5.022068e-06
4.460751e-06
3.959146e-06
3.514850e-06
1.963190e+00
8.230504e-01
2.345003e-01
2.854189e-02
5.859830e-03
4.979009e-03
4.440900e-03
3.961824e-03
3.534837e-03
3.153682e-03
2.814512e-03
2.511868e-03
2.241933e-03
2.001137e-03
1.786305e-03
1.594618e-03
1.423566e-03
1.270914e-03
1.134672e-03
1.013071e-03
9.045242e-04
8.076312e-04
7.211345e-04
6.439121e-04
5.749695e-04
5.134203e-04
4.584640e-04
4.093962e-04
3.654249e-04
3.263764e-04
2.914539e-04
2.602730e-04
2.324255e-04
2.075622e-04
1.853576e-04
1.655302e-04
1.478257e-04
1.320126e-04
1.178934e-04
1.052838e-04
9.402365e-05
8.396833e-05
7.498647e-05
6.696864e-05
5.980772e-05
5.341076e-05
4.769743e-05
4.259738e-05
3.804371e-05
3.397304e-05
3.034165e-05
2.709724e-05
2.419856e-05
2.161140e-05
1.930049e-05
1.723746e-05
1.539277e-05
1.374700e-05
1.227720e-05
1.096547e-05
9.791672e-06
8.743744e-06
7.810586e-06
6.975269e-06
6.227847e-06
5.564804e-06
4.967574e-06
4.436577e-06
3.962229e-06
1.948466e+00
8.238188e-01
2.348510e-01
2.849050e-02
5.782269e-03
4.932882e-03
4.424989e-03
3.969796e-03
3.561823e-03
3.196093e-03
2.867777e-03
2.573762e-03
2.310039e-03
2.073474e-03
1.861237e-03
1.670813e-03
1.499938e-03
1.346596e-03
1.208973e-03
1.085451e-03
9.745790e-04
8.750553e-04
7.857128e-04
7.055083e-04
6.335011e-04
5.688558e-04
5.108133e-04
4.586999e-04
4.119082e-04
3.698940e-04
3.321680e-04
2.982926e-04
2.678750e-04
2.405606e-04
2.160310e-04
1.940052e-04
1.742262e-04
1.564645e-04
1.405136e-04
1.261898e-04
1.133254e-04
1.017746e-04
9.140048e-05
8.208254e-05
7.371688e-05
6.620357e-05
5.945455e-05
5.339670e-05
4.795303e-05
4.306562e-05
3.867705e-05
3.473402e-05
3.119388e-05
2.801608e-05
2.515937e-05
2.259580e-05
2.029376e-05
1.822492e-05
1.636675e-05
1.469912e-05
1.320184e-05
1.185600e-05
1.064699e-05
9.562550e-06
8.589875e-06
7.712372e-06
6.926549e-06
6.220527e-06
5.586720e-06
5.017072e-06
4.506587e-06
4.047863e-06
1.936505e+00
8.238136e-01
2.351635e-01
2.846964e-02
5.705493e-03
4.889045e-03
4.408781e-03
3.976774e-03
3.587266e-03
3.236221e-03
2.919782e-03
2.634489e-03
2.377237e-03
2.145241e-03
1.935996e-03
1.747250e-03
1.576975e-03
1.423356e-03
1.284748e-03
1.159269e-03
1.046525e-03
9.447005e-04
8.528033e-04
7.698631e-04
6.950024e-04
6.274343e-04
5.664424e-04
5.113880e-04
4.616903e-04
4.168275e-04
3.763298e-04
3.397659e-04
3.067607e-04
2.769639e-04
2.500606e-04
2.257747e-04
2.038462e-04
1.840517e-04
1.661772e-04
1.500410e-04
1.354707e-04
1.223179e-04
1.104400e-04
9.971802e-05
9.003488e-05
8.129348e-05
7.340137e-05
6.627547e-05
5.984100e-05
5.403136e-05
4.878669e-05
4.404956e-05
3.977163e-05
3.591254e-05
3.242650e-05
2.927784e-05
2.643663e-05
2.386865e-05
2.155308e-05
1.945875e-05
1.757247e-05
1.586414e-05
1.432565e-05
1.293676e-05
1.167748e-05
1.054669e-05
9.521910e-06
8.596046e-06
7.763860e-06
7.009322e-06
6.328882e-06
5.713830e-06
5.160536e-06
4.658259e-06
4.208622e-06
1.924388e+00
8.273359e-01
2.356476e-01
2.840241e-02
5.664681e-03
4.876459e-03
4.418562e-03
4.006410e-03
3.632256e-03
3.293817e-03
2.987145e-03
2.708610e-03
2.456117e-03
2.228086e-03
2.021184e-03
1.833573e-03
1.663456e-03
1.509185e-03
1.369270e-03
1.242372e-03
1.127270e-03
1.022857e-03
9.281417e-04
8.422154e-04
7.642598e-04
6.935342e-04
6.293630e-04
5.711391e-04
5.183075e-04
4.703709e-04
4.268725e-04
3.873985e-04
3.515817e-04
3.190771e-04
2.895791e-04
2.628118e-04
2.385197e-04
2.164742e-04
1.964678e-04
1.783084e-04
1.618334e-04
1.468755e-04
1.333044e-04
1.209879e-04
1.098068e-04
9.966243e-05
9.045293e-05
8.209483e-05
7.451007e-05
6.762746e-05
6.137731e-05
5.570920e-05
5.055999e-05
4.589034e-05
4.165107e-05
3.780239e-05
3.431060e-05
3.114136e-05
2.826304e-05
2.565349e-05
2.328270e-05
2.113185e-05
1.918009e-05
1.740815e-05
1.580023e-05
1.434057e-05
1.301728e-05
1.181328e-05
1.072067e-05
9.732056e-06
8.832062e-06
8.017647e-06
7.274661e-06
6.605936e-06
5.993418e-06
5.440150e-06
4.936446e-06
4.481707e-06
1.918859e+00
8.286254e-01
2.361564e-01
2.848035e-02
5.638586e-03
4.872439e-03
4.437703e-03
4.044055e-03
3.683729e-03
3.358021e-03
3.060678e-03
2.788933e-03
2.542673e-03
2.318000e-03
2.113295e-03
1.926235e-03
1.756492e-03
1.601598e-03
1.460046e-03
1.331542e-03
1.213487e-03
1.106705e-03
1.009321e-03
9.203596e-04
8.393712e-04
7.655235e-04
6.981871e-04
6.367841e-04
5.807899e-04
5.297251e-04
4.831597e-04
4.406892e-04
4.019581e-04
3.666334e-04
3.344171e-04
3.050327e-04
2.782326e-04
2.537906e-04
2.314944e-04
2.111588e-04
1.926113e-04
1.756950e-04
1.602627e-04
1.461874e-04
1.333482e-04
1.216397e-04
1.109493e-04
1.012086e-04
9.232183e-05
8.421402e-05
7.681816e-05
7.007473e-05
6.392160e-05
5.830779e-05
5.318909e-05
4.851942e-05
4.425712e-05
4.037327e-05
3.682766e-05
3.359508e-05
3.064577e-05
2.795426e-05
2.550054e-05
2.325995e-05
2.122014e-05
1.935525e-05
1.765700e-05
1.610639e-05
1.469235e-05
1.340352e-05
1.222536e-05
1.115280e-05
1.017290e-05
9.280808e-06
8.465322e-06
7.722836e-06
7.044766e-06
6.424087e-06
5.862364e-06
5.346594e-06
4.877799e-06
4.451423e-06
1.914641e+00
8.332518e-01
2.369256e-01
2.854585e-02
5.646108e-03
4.904208e-03
4.489857e-03
4.111323e-03
3.762852e-03
3.446134e-03
3.156935e-03
2.891748e-03
2.649013e-03
2.426624e-03
2.222540e-03
2.036343e-03
1.865808e-03
1.709628e-03
1.566581e-03
1.435553e-03
1.315300e-03
1.205342e-03
1.104668e-03
1.012392e-03
9.278420e-04
8.504122e-04
7.794156e-04
7.143641e-04
6.547539e-04
6.001246e-04
5.500617e-04
5.041826e-04
4.621327e-04
4.235966e-04
3.882768e-04
3.559056e-04
3.262335e-04
2.990406e-04
2.741131e-04
2.512672e-04
2.303266e-04
2.111303e-04
1.935365e-04
1.774099e-04
1.626260e-04
1.490768e-04
1.366562e-04
1.252689e-04
1.148328e-04
1.052660e-04
9.649656e-05
8.845726e-05
8.108877e-05
7.433244e-05
6.814111e-05
6.246568e-05
5.726227e-05
5.249105e-05
4.811818e-05
4.411275e-05
4.043660e-05
3.706795e-05
3.398120e-05
3.115047e-05
2.855627e-05
2.617700e-05
2.399687e-05
2.199872e-05
2.016616e-05
1.848659e-05
1.694665e-05
1.553556e-05
1.424060e-05
1.305502e-05
1.196735e-05
1.097189e-05
1.005649e-05
9.220523e-06
8.451319e-06
7.747996e-06
7.102315e-06
6.511471e-06
5.968275e-06
5.472396e-06
5.015061e-06
4.598259e-06
1.917970e+00
8.379515e-01
2.374937e-01
2.863401e-02
5.690350e-03
4.962749e-03
4.566795e-03
4.199404e-03
3.865569e-03
3.557445e-03
3.274138e-03
3.013605e-03
2.773987e-03
2.553576e-03
2.350806e-03
2.164246e-03
1.992587e-03
1.834620e-03
1.689242e-03
1.555441e-03
1.432285e-03
1.318921e-03
1.214563e-03
1.118492e-03
1.030042e-03
9.486100e-04
8.736318e-04
8.040932e-04
7.407922e-04
6.822745e-04
6.283899e-04
5.787663e-04
5.330694e-04
4.909862e-04
4.522297e-04
4.165362e-04
3.836629e-04
3.533891e-04
3.255034e-04
2.998210e-04
2.761687e-04
2.543817e-04
2.343155e-04
2.158322e-04
1.988090e-04
1.831286e-04
1.686869e-04
1.553824e-04
1.431301e-04
1.318428e-04
1.214457e-04
1.118698e-04
1.030487e-04
9.492277e-05
8.743871e-05
8.054478e-05
7.419501e-05
6.834370e-05
6.295664e-05
5.799185e-05
5.342062e-05
4.921054e-05
4.532978e-05
4.175532e-05
3.846485e-05
3.543182e-05
3.263862e-05
3.006501e-05
2.769641e-05
2.551184e-05
2.350114e-05
2.164777e-05
1.994260e-05
1.836890e-05
1.692234e-05
1.558762e-05
1.436029e-05
1.322583e-05
1.218452e-05
1.122431e-05
1.033991e-05
9.523833e-06
8.773635e-06
8.081086e-06
7.445250e-06
6.858021e-06
6.317501e-06
5.819491e-06
5.360004e-06
4.938781e-06
1.925078e+00
8.443398e-01
2.385323e-01
2.875403e-02
5.772439e-03
5.065536e-03
4.680083e-03
4.327888e-03
4.002994e-03
3.699427e-03
3.421580e-03
3.164428e-03
2.926792e-03
2.707161e-03
2.504151e-03
2.316481e-03
2.142976e-03
1.982553e-03
1.834212e-03
1.697030e-03
1.570165e-03
1.452828e-03
1.344299e-03
1.243909e-03
1.151046e-03
1.065139e-03
9.856646e-04
9.121392e-04
8.441105e-04
7.811714e-04
7.229351e-04
6.690498e-04
6.191894e-04
5.730521e-04
5.303574e-04
4.908505e-04
4.542894e-04
4.204565e-04
3.891451e-04
3.601690e-04
3.333517e-04
3.085355e-04
2.855669e-04
2.643099e-04
2.446368e-04
2.264275e-04
2.095782e-04
1.939790e-04
1.795450e-04
1.661830e-04
1.538178e-04
1.423732e-04
1.317791e-04
1.219746e-04
1.128993e-04
1.044994e-04
9.672609e-05
8.952851e-05
8.286875e-05
7.670509e-05
7.099813e-05
6.571670e-05
6.082763e-05
5.630338e-05
5.211405e-05
4.823942e-05
4.465002e-05
4.132899e-05
3.825493e-05
3.540956e-05
3.277592e-05
3.033662e-05
2.808073e-05
2.599296e-05
2.405885e-05
2.226972e-05
2.061317e-05
1.908035e-05
1.766021e-05
1.634783e-05
1.513098e-05
1.400707e-05
1.296397e-05
1.199947e-05
1.110740e-05
1.028179e-05
9.516680e-06
8.808699e-06
8.155557e-06
7.546393e-06
6.985854e-06
6.466414e-06
5.986171e-06
5.540318e-06
5.127132e-06
1.938152e+00
8.513063e-01
2.398033e-01
2.894257e-02
5.893708e-03
5.201662e-03
4.831515e-03
4.488438e-03
4.167911e-03
3.873619e-03
3.599435e-03
3.344890e-03
3.108545e-03
2.887787e-03
2.684407e-03
2.495143e-03
2.319330e-03
2.156001e-03
2.004255e-03
1.863258e-03
1.732242e-03
1.609883e-03
1.496912e-03
1.391781e-03
1.294065e-03
1.203241e-03
1.118814e-03
1.040334e-03
9.672971e-04
8.994808e-04
8.364307e-04
7.778126e-04
7.233110e-04
6.726392e-04
6.255240e-04
5.817167e-04
5.409820e-04
5.031046e-04
4.678847e-04
4.351325e-04
4.046773e-04
3.763567e-04
3.500192e-04
3.255282e-04
3.027522e-04
2.815716e-04
2.618734e-04
2.435547e-04
2.265180e-04
2.106745e-04
1.959409e-04
1.822368e-04
1.694917e-04
1.576397e-04
1.466154e-04
1.363629e-04
1.268288e-04
1.179607e-04
1.097126e-04
1.020410e-04
9.490723e-05
8.827179e-05
8.210052e-05
7.636087e-05
7.102256e-05
6.605745e-05
6.143884e-05
5.714424e-05
5.314918e-05
4.943450e-05
4.597831e-05
4.276420e-05
3.977545e-05
3.699471e-05
3.440882e-05
3.200301e-05
2.976657e-05
2.768546e-05
2.575061e-05
2.395042e-05
2.227650e-05
2.071901e-05
1.927181e-05
1.792422e-05
1.667114e-05
1.550576e-05
1.442254e-05
1.341389e-05
1.247624e-05
1.160466e-05
1.079327e-05
1.003853e-05
9.338017e-06
8.683807e-06
8.078449e-06
7.512695e-06
6.987936e-06
6.499644e-06
6.045004e-06
5.622644e-06
5.229603e-06
1.955991e+00
8.624609e-01
2.410151e-01
2.920712e-02
6.050406e-03
5.373011e-03
5.012419e-03
4.679731e-03
4.368850e-03
4.078946e-03
3.808559e-03
3.556339e-03
3.321033e-03
3.099532e-03
2.895579e-03
2.704438e-03
2.526036e-03
2.359506e-03
2.203873e-03
2.058803e-03
1.923298e-03
1.796771e-03
1.678622e-03
1.568286e-03
1.465243e-03
1.369004e-03
1.279116e-03
1.195158e-03
1.116732e-03
1.043473e-03
9.750367e-04
9.111045e-04
8.513777e-04
7.955765e-04
7.434444e-04
6.947353e-04
6.492269e-04
6.067059e-04
5.669744e-04
5.298506e-04
4.951630e-04
4.627493e-04
4.324600e-04
4.041576e-04
3.777093e-04
3.529948e-04
3.298979e-04
3.083154e-04
2.881456e-04
2.692971e-04
2.516823e-04
2.352198e-04
2.198378e-04
2.054598e-04
1.920237e-04
1.794664e-04
1.677316e-04
1.567644e-04
1.465145e-04
1.369344e-04
1.279821e-04
1.196140e-04
1.117950e-04
1.044869e-04
9.765537e-05
9.127201e-05
8.530530e-05
7.972902e-05
7.451766e-05
6.964719e-05
6.509361e-05
6.083989e-05
5.686257e-05
5.314621e-05
4.967195e-05
4.642589e-05
4.339060e-05
4.055626e-05
3.790367e-05
3.542773e-05
3.311199e-05
3.094780e-05
2.892523e-05
2.703456e-05
2.526784e-05
2.361697e-05
2.207281e-05
2.063106e-05
1.928239e-05
1.802158e-05
1.684404e-05
1.574378e-05
1.471452e-05
1.375217e-05
1.285485e-05
1.201386e-05
1.122890e-05
1.049556e-05
9.808987e-06
9.168297e-06
8.569030e-06
8.008956e-06
7.485587e-06
6.996286e-06
6.539171e-06
6.111581e-06
5.713158e-06
1.980746e+00
8.769556e-01
2.429384e-01
2.950106e-02
6.243623e-03
5.582302e-03
5.235713e-03
4.910132e-03
4.608244e-03
4.323161e-03
4.055611e-03
3.805858e-03
3.569663e-03
3.350651e-03
3.144661e-03
2.951485e-03
2.770309e-03
2.600372e-03
2.440961e-03
2.291413e-03
2.151106e-03
2.019460e-03
1.895932e-03
1.780014e-03
1.670518e-03
1.568660e-03
1.472868e-03
1.382958e-03
1.298566e-03
1.219348e-03
1.144983e-03
1.075175e-03
1.009007e-03
9.478181e-04
8.900730e-04
8.358570e-04
7.849527e-04
7.371602e-04
6.922826e-04
6.501450e-04
6.105791e-04
5.734270e-04
5.385381e-04
5.057785e-04
4.750136e-04
4.461245e-04
4.189948e-04
3.935176e-04
3.695917e-04
3.471224e-04
3.260213e-04
3.060055e-04
2.874982e-04
2.700260e-04
2.536151e-04
2.382032e-04
2.237284e-04
2.101346e-04
1.973670e-04
1.853763e-04
1.741131e-04
1.635363e-04
1.536019e-04
1.442706e-04
1.355067e-04
1.272767e-04
1.195449e-04
1.122850e-04
1.054644e-04
9.905923e-05
9.304274e-05
8.739183e-05
8.208488e-05
7.709957e-05
7.241741e-05
6.801959e-05
6.388869e-05
6.000970e-05
5.636495e-05
5.294254e-05
4.972765e-05
4.670807e-05
4.387167e-05
4.120789e-05
3.870532e-05
3.635573e-05
3.414835e-05
3.207336e-05
3.012704e-05
2.829746e-05
2.658008e-05
2.496542e-05
2.344959e-05
2.202611e-05
2.068854e-05
1.943291e-05
1.825229e-05
1.714411e-05
1.610327e-05
1.512570e-05
1.420811e-05
1.334460e-05
1.253485e-05
1.177317e-05
1.105888e-05
1.038693e-05
9.756141e-06
9.164156e-06
8.608184e-06
8.085245e-06
7.594348e-06
7.133467e-06
6.699678e-06
6.293791e-06
5.910921e-06
2.018913e+00
8.945322e-01
2.455621e-01
2.991372e-02
6.428946e-03
5.785011e-03
5.454454e-03
5.142239e-03
4.848286e-03
4.571484e-03
4.310790e-03
4.065235e-03
3.833906e-03
3.615954e-03
3.409766e-03
3.216570e-03
3.034179e-03
2.862264e-03
2.700204e-03
2.547424e-03
2.403377e-03
2.267558e-03
2.139484e-03
2.018506e-03
1.904665e-03
1.796493e-03
1.695397e-03
1.599032e-03
1.509260e-03
1.424279e-03
1.343779e-03
1.268319e-03
1.196974e-03
1.129662e-03
1.066153e-03
1.006229e-03
9.499329e-04
8.964651e-04
8.461143e-04
7.986005e-04
7.537631e-04
7.114530e-04
6.715222e-04
6.338389e-04
5.982769e-04
5.647135e-04
5.330381e-04
5.031437e-04
4.749284e-04
4.482985e-04
4.231650e-04
3.994421e-04
3.770519e-04
3.559189e-04
3.359711e-04
3.171442e-04
2.993723e-04
2.825981e-04
2.667644e-04
2.518192e-04
2.377123e-04
2.243964e-04
2.118264e-04
1.999622e-04
1.887612e-04
1.781907e-04
1.682108e-04
1.587908e-04
1.498980e-04
1.415050e-04
1.335802e-04
1.261005e-04
1.190404e-04
1.123747e-04
1.060833e-04
1.001434e-04
9.453748e-05
8.924380e-05
8.424829e-05
7.953112e-05
7.507972e-05
7.087562e-05
6.690863e-05
6.316258e-05
5.962716e-05
5.628932e-05
5.313906e-05
5.016312e-05
4.735653e-05
4.470537e-05
4.220219e-05
3.984135e-05
3.761011e-05
3.550540e-05
3.351884e-05
3.164168e-05
2.987090e-05
2.819913e-05
2.662033e-05
2.513082e-05
2.372470e-05
2.239660e-05
2.114290e-05
1.995917e-05
1.884206e-05
1.778792e-05
1.679201e-05
1.585219e-05
1.496503e-05
1.412805e-05
1.333754e-05
1.259003e-05
1.188580e-05
1.122054e-05
1.059280e-05
9.999507e-06
9.440348e-06
8.911694e-06
8.412892e-06
7.942499e-06
7.497683e-06
7.078244e-06
6.681513e-06
6.308149e-06
2.071639e+00
9.177215e-01
2.494054e-01
3.029407e-02
6.602936e-03
5.984795e-03
5.670324e-03
5.371125e-03
5.090095e-03
4.823846e-03
4.571842e-03
4.333283e-03
4.107425e-03
3.893563e-03
3.691038e-03
3.499244e-03
3.317554e-03
3.145448e-03
2.982397e-03
2.827915e-03
2.681536e-03
2.542828e-03
2.411377e-03
2.286796e-03
2.168717e-03
2.056795e-03
1.950703e-03
1.850131e-03
1.754787e-03
1.664395e-03
1.578694e-03
1.497466e-03
1.420414e-03
1.347356e-03
1.278077e-03
1.212381e-03
1.150081e-03
1.090997e-03
1.034965e-03
9.818223e-04
9.314210e-04
8.836175e-04
8.382777e-04
7.948841e-04
7.542723e-04
7.155904e-04
6.788997e-04
6.440946e-04
6.110796e-04
5.797611e-04
5.500527e-04
5.218681e-04
4.951344e-04
4.697701e-04
4.457090e-04
4.228829e-04
4.011692e-04
3.806369e-04
3.611477e-04
3.426589e-04
3.251181e-04
3.084768e-04
2.926880e-04
2.777084e-04
2.634961e-04
2.500126e-04
2.372194e-04
2.250817e-04
2.135654e-04
2.026393e-04
1.922729e-04
1.824358e-04
1.731039e-04
1.642497e-04
1.558483e-04
1.478762e-04
1.403126e-04
1.331364e-04
1.263279e-04
1.198669e-04
1.137366e-04
1.079210e-04
1.024015e-04
9.716511e-05
9.219656e-05
8.748248e-05
8.300843e-05
7.876471e-05
7.473749e-05
7.091572e-05
6.728931e-05
6.384956e-05
6.058504e-05
5.748799e-05
5.454769e-05
5.175940e-05
4.911342e-05
4.660240e-05
4.421970e-05
4.195882e-05
3.981440e-05
3.777831e-05
3.584725e-05
3.401490e-05
3.227586e-05
3.062582e-05
2.906004e-05
2.757531e-05
2.616488e-05
2.482702e-05
2.355841e-05
2.235406e-05
2.121130e-05
2.012726e-05
1.909848e-05
1.812206e-05
1.719484e-05
1.631673e-05
1.548268e-05
1.469153e-05
1.394028e-05
1.322664e-05
1.255226e-05
1.190931e-05
1.130116e-05
1.072309e-05
1.017530e-05
9.654922e-06
9.162152e-06
8.693160e-06
8.249107e-06
7.827519e-06
7.426837e-06
7.046969e-06
6.688064e-06
6.344713e-06
2.149305e+00
9.423945e-01
2.534662e-01
3.071239e-02
6.758953e-03
6.163949e-03
5.870768e-03
5.591468e-03
5.325844e-03
5.073189e-03
4.832836e-03
4.604155e-03
4.386550e-03
4.178963e-03
3.982086e-03
3.794480e-03
3.615882e-03
3.445844e-03
3.283942e-03
3.129521e-03
2.982714e-03
2.842898e-03
2.709727e-03
2.582878e-03
2.462044e-03
2.346931e-03
2.237263e-03
2.132777e-03
2.033220e-03
1.938359e-03
1.847964e-03
1.761824e-03
1.679734e-03
1.601499e-03
1.526937e-03
1.455872e-03
1.388138e-03
1.323577e-03
1.262037e-03
1.203377e-03
1.147458e-03
1.094153e-03
1.043337e-03
9.948922e-04
9.487093e-04
9.046779e-04
8.627014e-04
8.226785e-04
7.845207e-04
7.481392e-04
7.135040e-04
6.801341e-04
6.487124e-04
6.186489e-04
5.899822e-04
5.626478e-04
5.365823e-04
5.117296e-04
4.880288e-04
4.654287e-04
4.438787e-04
4.233275e-04
4.037291e-04
3.850408e-04
3.672194e-04
3.502238e-04
3.340161e-04
3.185597e-04
3.038199e-04
2.897616e-04
2.763577e-04
2.635720e-04
2.513789e-04
2.397518e-04
2.286627e-04
2.180861e-04
2.079999e-04
1.983806e-04
1.892068e-04
1.804578e-04
1.721124e-04
1.641547e-04
1.565650e-04
1.493257e-04
1.424215e-04
1.358372e-04
1.295581e-04
1.235680e-04
1.178555e-04
1.124080e-04
1.072112e-04
1.022558e-04
9.752927e-05
9.302093e-05
8.872117e-05
8.462120e-05
8.071020e-05
7.697908e-05
7.342104e-05
7.002882e-05
6.679137e-05
6.370491e-05
6.076053e-05
5.795295e-05
5.527437e-05
5.272013e-05
5.028386e-05
4.796014e-05
4.574349e-05
4.363021e-05
4.161337e-05
3.969126e-05
3.785646e-05
3.610723e-05
3.443909e-05
3.284704e-05
3.132954e-05
2.988249e-05
2.850126e-05
2.718389e-05
2.592784e-05
2.473026e-05
2.358779e-05
2.249687e-05
2.145859e-05
2.046614e-05
1.952105e-05
1.861870e-05
1.775867e-05
1.693779e-05
1.615526e-05
1.540947e-05
1.469720e-05
1.401758e-05
1.337002e-05
1.275239e-05
1.216307e-05
1.160158e-05
1.106527e-05
1.055429e-05
1.006656e-05
9.601394e-06
9.157417e-06
8.734514e-06
8.330516e-06
7.946379e-06
7.578958e-06
7.229569e-06
6.893810e-06
6.576146e-06
2.250094e+00
9.680231e-01
2.572465e-01
3.103315e-02
6.778636e-03
6.223217e-03
5.957935e-03
5.701948e-03
5.457011e-03
5.225627e-03
5.003451e-03
4.788259e-03
4.585227e-03
4.391356e-03
4.205544e-03
4.027784e-03
3.857709e-03
3.694975e-03
3.538645e-03
3.388436e-03
3.246519e-03
3.110036e-03
2.979392e-03
2.853848e-03
2.734225e-03
2.619607e-03
2.509863e-03
2.404780e-03
2.303655e-03
2.207324e-03
2.115061e-03
2.026698e-03
1.942070e-03
1.861012e-03
1.783371e-03
1.709000e-03
1.637762e-03
1.569518e-03
1.504142e-03
1.441511e-03
1.381509e-03
1.324022e-03
1.268945e-03
1.216174e-03
1.165613e-03
1.117167e-03
1.070746e-03
1.026265e-03
9.832152e-04
9.425885e-04
9.034587e-04
8.659606e-04
8.300260e-04
7.955897e-04
7.625880e-04
7.309601e-04
7.006495e-04
6.716008e-04
6.437602e-04
6.170784e-04
5.915059e-04
5.668566e-04
5.434336e-04
5.209221e-04
4.993455e-04
4.786636e-04
4.588425e-04
4.398431e-04
4.216313e-04
4.041771e-04
3.874460e-04
3.714084e-04
3.560379e-04
3.413025e-04
3.271793e-04
3.136409e-04
3.006638e-04
2.882248e-04
2.763011e-04
2.648718e-04
2.539145e-04
2.433544e-04
2.332668e-04
2.236261e-04
2.143765e-04
2.055123e-04
1.970133e-04
1.888671e-04
1.810580e-04
1.735709e-04
1.663963e-04
1.595158e-04
1.529209e-04
1.466000e-04
1.405395e-04
1.347292e-04
1.291600e-04
1.238218e-04
1.187037e-04
1.137967e-04
1.090935e-04
1.045441e-04
1.002422e-04
9.609951e-05
9.212743e-05
8.832011e-05
8.466986e-05
8.115161e-05
7.780256e-05
7.458757e-05
7.150494e-05
6.855077e-05
6.571789e-05
6.300199e-05
6.039923e-05
5.790322e-05
5.551077e-05
5.321680e-05
5.101809e-05
4.891081e-05
4.688901e-05
4.495225e-05
4.309452e-05
4.131439e-05
3.960698e-05
3.797058e-05
3.640213e-05
3.489826e-05
3.345628e-05
3.207431e-05
3.074853e-05
2.947844e-05
2.826121e-05
2.709331e-05
2.597371e-05
2.490052e-05
2.387234e-05
2.288613e-05
2.194022e-05
2.103389e-05
2.016508e-05
1.933212e-05
1.853326e-05
1.776744e-05
1.703340e-05
1.633109e-05
1.565457e-05
1.500889e-05
1.438877e-05
1.379424e-05
1.322397e-05
1.267929e-05
1.215385e-05
1.165221e-05
1.117113e-05
1.070881e-05
1.026773e-05
9.842078e-06
9.436834e-06
9.046767e-06
8.672581e-06
8.314718e-06
7.970747e-06
7.642182e-06
7.326056e-06
7.023924e-06
2.355676e+00
9.921351e-01
2.617883e-01
3.125919e-02
6.630937e-03
6.119261e-03
5.886660e-03
5.663412e-03
5.448953e-03
5.242913e-03
5.044936e-03
4.854685e-03
4.671839e-03
4.496090e-03
4.327150e-03
4.164463e-03
4.008331e-03
3.858194e-03
3.713819e-03
3.574976e-03
3.441442e-03
3.311424e-03
3.188456e-03
3.068347e-03
2.954447e-03
2.844523e-03
2.738030e-03
2.636501e-03
2.538601e-03
2.444394e-03
2.353735e-03
2.266488e-03
2.182521e-03
2.101706e-03
2.023923e-03
1.949054e-03
1.876988e-03
1.807618e-03
1.740839e-03
1.676552e-03
1.614666e-03
1.555086e-03
1.497724e-03
1.442499e-03
1.388814e-03
1.337741e-03
1.288461e-03
1.241011e-03
1.195322e-03
1.151327e-03
1.108962e-03
1.068167e-03
1.028882e-03
9.910502e-04
9.546193e-04
9.195335e-04
8.857452e-04
8.532051e-04
8.218668e-04
7.916834e-04
7.626165e-04
7.346189e-04
7.076561e-04
6.816849e-04
6.566722e-04
6.325803e-04
6.093757e-04
5.870259e-04
5.654976e-04
5.447617e-04
5.247896e-04
5.055514e-04
4.870194e-04
4.691703e-04
4.519770e-04
4.354152e-04
4.194608e-04
4.040937e-04
3.892909e-04
3.750310e-04
3.612946e-04
3.480639e-04
3.353165e-04
3.230376e-04
3.112097e-04
2.998159e-04
2.888388e-04
2.782654e-04
2.680792e-04
2.582662e-04
2.488138e-04
2.397069e-04
2.309341e-04
2.224832e-04
2.143419e-04
2.064989e-04
1.989423e-04
1.916638e-04
1.846506e-04
1.778955e-04
1.713873e-04
1.651177e-04
1.590771e-04
1.532581e-04
1.476522e-04
1.422512e-04
1.370485e-04
1.320354e-04
1.272065e-04
1.225543e-04
1.180717e-04
1.137538e-04
1.095940e-04
1.055866e-04
1.017251e-04
9.800492e-05
9.442094e-05
9.096879e-05
8.764223e-05
8.443811e-05
8.134996e-05
7.837651e-05
7.550960e-05
7.274956e-05
7.008929e-05
6.752682e-05
6.505818e-05
6.268014e-05
6.038728e-05
5.818085e-05
5.605351e-05
5.400372e-05
5.202988e-05
5.012799e-05
4.829497e-05
4.652966e-05
4.482901e-05
4.318989e-05
4.161177e-05
4.008986e-05
3.862483e-05
3.721189e-05
3.585292e-05
3.454198e-05
3.327945e-05
3.206250e-05
3.089089e-05
2.976128e-05
2.867411e-05
2.762574e-05
2.661603e-05
2.564303e-05
2.470611e-05
2.380230e-05
2.293262e-05
2.209441e-05
2.128690e-05
2.050893e-05
1.975929e-05
1.903705e-05
1.834123e-05
1.767062e-05
1.702502e-05
1.640294e-05
1.580341e-05
1.522533e-05
1.466950e-05
1.413273e-05
1.361589e-05
1.311908e-05
1.263953e-05
1.217701e-05
1.173210e-05
1.130410e-05
1.089006e-05
1.049215e-05
1.010904e-05
9.739654e-06
9.383044e-06
9.040373e-06
8.710492e-06
8.391269e-06
8.085162e-06
7.789840e-06
7.504322e-06
7.230425e-06
2.472897e+00
1.013653e+00
2.661196e-01
3.133182e-02
6.333087e-03
5.864605e-03
5.667338e-03
5.478309e-03
5.295803e-03
5.119625e-03
4.949536e-03
4.783071e-03
4.625496e-03
4.472395e-03
4.322845e-03
4.180548e-03
4.042631e-03
3.909401e-03
3.780688e-03
3.656330e-03
3.535346e-03
3.419607e-03
3.307421e-03
3.197109e-03
3.092767e-03
2.991620e-03
2.892816e-03
2.798386e-03
2.706987e-03
2.617678e-03
2.532450e-03
2.449890e-03
2.370071e-03
2.292894e-03
2.218272e-03
2.146115e-03
2.076342e-03
2.008868e-03
1.943620e-03
1.880518e-03
1.819493e-03
1.760472e-03
1.703389e-03
1.648179e-03
1.594778e-03
1.543127e-03
1.493167e-03
1.444840e-03
1.398094e-03
1.352873e-03
1.309129e-03
1.266812e-03
1.225875e-03
1.186271e-03
1.147958e-03
1.110892e-03
1.075031e-03
1.040336e-03
1.006769e-03
9.742933e-04
9.428698e-04
9.124678e-04
8.830523e-04
8.545898e-04
8.270507e-04
8.004034e-04
7.746197e-04
7.496702e-04
7.255293e-04
7.021694e-04
6.795637e-04
6.576911e-04
6.365247e-04
6.160419e-04
5.962217e-04
5.770415e-04
5.584801e-04
5.405190e-04
5.231370e-04
5.063156e-04
4.900374e-04
4.742845e-04
4.590385e-04
4.442854e-04
4.300070e-04
4.161893e-04
4.028166e-04
3.898743e-04
3.773500e-04
3.652274e-04
3.534972e-04
3.421425e-04
3.311548e-04
3.205205e-04
3.102280e-04
3.002670e-04
2.906262e-04
2.812958e-04
2.722660e-04
2.635251e-04
2.550669e-04
2.468796e-04
2.389560e-04
2.312876e-04
2.238638e-04
2.166811e-04
2.097276e-04
2.029981e-04
1.964839e-04
1.901799e-04
1.840785e-04
1.781731e-04
1.724569e-04
1.669249e-04
1.615691e-04
1.563876e-04
1.513701e-04
1.465159e-04
1.418162e-04
1.372670e-04
1.328654e-04
1.286038e-04
1.244794e-04
1.204874e-04
1.166235e-04
1.128831e-04
1.092644e-04
1.057603e-04
1.023686e-04
9.908590e-05
9.590939e-05
9.283433e-05
8.985732e-05
8.697618e-05
8.418780e-05
8.148883e-05
7.887573e-05
7.634752e-05
7.389916e-05
7.153063e-05
6.923734e-05
6.701787e-05
6.486892e-05
6.279003e-05
6.077691e-05
5.882789e-05
5.694329e-05
5.511728e-05
5.335015e-05
5.164048e-05
4.998543e-05
4.838347e-05
4.683188e-05
4.533102e-05
4.387791e-05
4.247133e-05
4.110969e-05
3.979292e-05
3.851724e-05
3.728248e-05
3.608779e-05
3.493081e-05
3.381180e-05
3.272744e-05
3.167899e-05
3.066337e-05
2.968040e-05
2.872995e-05
2.780855e-05
2.691722e-05
2.605493e-05
2.521964e-05
2.441176e-05
2.362855e-05
2.287219e-05
2.213875e-05
2.142891e-05
2.074308e-05
2.007741e-05
1.943437e-05
1.881176e-05
1.820835e-05
1.762478e-05
1.706078e-05
1.651344e-05
1.598468e-05
1.547184e-05
1.497614e-05
1.449653e-05
1.403159e-05
1.358178e-05
1.314708e-05
1.272508e-05
1.231818e-05
1.192288e-05
1.154095e-05
1.117056e-05
1.081293e-05
1.046662e-05
1.013187e-05
9.805904e-06
9.492161e-06
9.188252e-06
8.893584e-06
8.608853e-06
8.332108e-06
8.066083e-06
7.807114e-06
7.557243e-06
2.585456e+00
1.024795e+00
2.680866e-01
3.133768e-02
5.886910e-03
5.458507e-03
5.300602e-03
5.146186e-03
4.996474e-03
4.851308e-03
4.710542e-03
4.574027e-03
4.441625e-03
4.313203e-03
4.188633e-03
4.067789e-03
3.950553e-03
3.836809e-03
3.723383e-03
3.617587e-03
3.513719e-03
3.412920e-03
3.315096e-03
3.220152e-03
3.128001e-03
3.038554e-03
2.951730e-03
2.867446e-03
2.785624e-03
2.706192e-03
2.629074e-03
2.554200e-03
2.481503e-03
2.410915e-03
2.342376e-03
2.275820e-03
2.211190e-03
2.147901e-03
2.087016e-03
2.027289e-03
1.969924e-03
1.914116e-03
1.859913e-03
1.807268e-03
1.756133e-03
1.706465e-03
1.658220e-03
1.611359e-03
1.565836e-03
1.520926e-03
1.478243e-03
1.436525e-03
1.395996e-03
1.356624e-03
1.318374e-03
1.281214e-03
1.244535e-03
1.208806e-03
1.175120e-03
1.142033e-03
1.109886e-03
1.078651e-03
1.048303e-03
1.018816e-03
9.902258e-04
9.621239e-04
9.350856e-04
9.088056e-04
8.832682e-04
8.584547e-04
8.343421e-04
8.109109e-04
7.881416e-04
7.660165e-04
7.445149e-04
7.236214e-04
7.033160e-04
6.835850e-04
6.644089e-04
6.457738e-04
6.276650e-04
6.100646e-04
5.929618e-04
5.763399e-04
5.601853e-04
5.444861e-04
5.292286e-04
5.144005e-04
4.999885e-04
4.859831e-04
4.723709e-04
4.591411e-04
4.462831e-04
4.337863e-04
4.216414e-04
4.098362e-04
3.983643e-04
3.872127e-04
3.763753e-04
3.658416e-04
3.556038e-04
3.456532e-04
3.359813e-04
3.265809e-04
3.174445e-04
3.085643e-04
2.999333e-04
2.915434e-04
2.833888e-04
2.754631e-04
2.677599e-04
2.602723e-04
2.529144e-04
2.458721e-04
2.389986e-04
2.323156e-04
2.258211e-04
2.195077e-04
2.133721e-04
2.074073e-04
2.016099e-04
1.959747e-04
1.904974e-04
1.851738e-04
1.799980e-04
1.749677e-04
1.700787e-04
1.653255e-04
1.607061e-04
1.562150e-04
1.518508e-04
1.476078e-04
1.434842e-04
1.394751e-04
1.355786e-04
1.317901e-04
1.281095e-04
1.245303e-04
1.210513e-04
1.176696e-04
1.143829e-04
1.111883e-04
1.080822e-04
1.050636e-04
1.021613e-04
9.929497e-05
9.652159e-05
9.382582e-05
9.120530e-05
8.865781e-05
8.618231e-05
8.377552e-05
8.143561e-05
7.916195e-05
7.695087e-05
7.480204e-05
7.271291e-05
7.068328e-05
6.870923e-05
6.679041e-05
6.492529e-05
6.311265e-05
6.135062e-05
5.963704e-05
5.797264e-05
5.635363e-05
5.478021e-05
5.325077e-05
5.176368e-05
5.031866e-05
4.891332e-05
4.754823e-05
4.622096e-05
4.493031e-05
4.367598e-05
4.245584e-05
4.127135e-05
4.011856e-05
3.899956e-05
3.791036e-05
3.685121e-05
3.582318e-05
3.482311e-05
3.385133e-05
3.290573e-05
3.198717e-05
3.109481e-05
3.022588e-05
2.938274e-05
2.856218e-05
2.776506e-05
2.698995e-05
2.623646e-05
2.550434e-05
2.479192e-05
2.410048e-05
2.342744e-05
2.277316e-05
2.213799e-05
2.151971e-05
2.091885e-05
2.033516e-05
1.976773e-05
1.921624e-05
1.867871e-05
1.815857e-05
1.765067e-05
1.715859e-05
1.667959e-05
1.621423e-05
1.576142e-05
1.532144e-05
1.489338e-05
1.447819e-05
1.407363e-05
1.368176e-05
1.329937e-05
1.292755e-05
1.256702e-05
1.221675e-05
1.187562e-05
1.154334e-05
1.122269e-05
1.090824e-05
1.060443e-05
1.030758e-05
1.002054e-05
9.740559e-06
9.469133e-06
9.203968e-06
8.947543e-06
8.698147e-06
8.455361e-06
8.218667e-06
7.989675e-06
7.767275e-06
2.666410e+00
1.038294e+00
2.696920e-01
3.115169e-02
5.348706e-03
4.957827e-03
4.830705e-03
4.708723e-03
4.589310e-03
4.472044e-03
4.359600e-03
4.249770e-03
4.142822e-03
4.038678e-03
3.937256e-03
3.838723e-03
3.742469e-03
3.648757e-03
3.557477e-03
3.468557e-03
3.380142e-03
3.296619e-03
3.214425e-03
3.134343e-03
3.056315e-03
2.980286e-03
2.906202e-03
2.833645e-03
2.763323e-03
2.694772e-03
2.627963e-03
2.562850e-03
2.499390e-03
2.437537e-03
2.377249e-03
2.318485e-03
2.261204e-03
2.205368e-03
2.150937e-03
2.097877e-03
2.046150e-03
1.995723e-03
1.946560e-03
1.897622e-03
1.851384e-03
1.805835e-03
1.761427e-03
1.718125e-03
1.675906e-03
1.634739e-03
1.593671e-03
1.554963e-03
1.516808e-03
1.479601e-03
1.443319e-03
1.407938e-03
1.373435e-03
1.339788e-03
1.306974e-03
1.274973e-03
1.243766e-03
1.213329e-03
1.183645e-03
1.154695e-03
1.126461e-03
1.098924e-03
1.072065e-03
1.045870e-03
1.020320e-03
9.954005e-04
9.710937e-04
9.473865e-04
9.242619e-04
9.017071e-04
8.797059e-04
8.582470e-04
8.373136e-04
8.168951e-04
7.969790e-04
7.775509e-04
7.585995e-04
7.401131e-04
7.220795e-04
7.044891e-04
6.873287e-04
6.705899e-04
6.542602e-04
6.383296e-04
6.227911e-04
6.076312e-04
5.928428e-04
5.784160e-04
5.643419e-04
5.506115e-04
5.372179e-04
5.241502e-04
5.114028e-04
4.989662e-04
4.868336e-04
4.749969e-04
4.634496e-04
4.521837e-04
4.411928e-04
4.304702e-04
4.200085e-04
4.098026e-04
3.998459e-04
3.901308e-04
3.806534e-04
3.714064e-04
3.623849e-04
3.535837e-04
3.449965e-04
3.366183e-04
3.284444e-04
3.204692e-04
3.126884e-04
3.050971e-04
2.976897e-04
2.904642e-04
2.834129e-04
2.765348e-04
2.698220e-04
2.632742e-04
2.568858e-04
2.506508e-04
2.445689e-04
2.386353e-04
2.328449e-04
2.271954e-04
2.216838e-04
2.163057e-04
2.110583e-04
2.059389e-04
2.009427e-04
1.960699e-04
1.913133e-04
1.866739e-04
1.821465e-04
1.777287e-04
1.734190e-04
1.692131e-04
1.651111e-04
1.611066e-04
1.572000e-04
1.533883e-04
1.496697e-04
1.460404e-04
1.425005e-04
1.390452e-04
1.356743e-04
1.323853e-04
1.291762e-04
1.260444e-04
1.229898e-04
1.200079e-04
1.170989e-04
1.142611e-04
1.114912e-04
1.087896e-04
1.061522e-04
1.035794e-04
1.010689e-04
9.861975e-05
9.622977e-05
9.389757e-05
9.162263e-05
8.940120e-05
8.723588e-05
8.512114e-05
8.305842e-05
8.104608e-05
7.908223e-05
7.716597e-05
7.529548e-05
7.347201e-05
7.169128e-05
6.995407e-05
6.825943e-05
6.660554e-05
6.499172e-05
6.341719e-05
6.188052e-05
6.038162e-05
5.891887e-05
5.749043e-05
5.609867e-05
5.473864e-05
5.341340e-05
5.211937e-05
5.085644e-05
4.962433e-05
4.842243e-05
4.724915e-05
4.610457e-05
4.498765e-05
4.389775e-05
4.283500e-05
4.179632e-05
4.078528e-05
3.979604e-05
3.883270e-05
3.789173e-05
3.697409e-05
3.607891e-05
3.520393e-05
3.435203e-05
3.351966e-05
3.270761e-05
3.191558e-05
3.114246e-05
3.038802e-05
2.965187e-05
2.893422e-05
2.823341e-05
2.754897e-05
2.688159e-05
2.623151e-05
2.559561e-05
2.497517e-05
2.437064e-05
2.378022e-05
2.320485e-05
2.264208e-05
2.209398e-05
2.155922e-05
2.103685e-05
2.052706e-05
2.003051e-05
1.954507e-05
1.907150e-05
1.860963e-05
1.815897e-05
1.771926e-05
1.729045e-05
1.687109e-05
1.646278e-05
1.606362e-05
1.567559e-05
1.529482e-05
1.492541e-05
1.456290e-05
1.421104e-05
1.386653e-05
1.353120e-05
1.320280e-05
1.288374e-05
1.257124e-05
1.226656e-05
1.196990e-05
1.167983e-05
1.139726e-05
1.112095e-05
1.085138e-05
1.058910e-05
1.033262e-05
1.008205e-05
9.838328e-06
9.599115e-06
9.367730e-06
9.140648e-06
8.919575e-06
8.703040e-06
8.492022e-06
8.286536e-06
8.086181e-06
2.737434e+00
1.030021e+00
2.691636e-01
3.073208e-02
4.765239e-03
4.405942e-03
4.309135e-03
4.214563e-03
4.122167e-03
4.031894e-03
3.943689e-03
3.856635e-03
3.772549e-03
3.691157e-03
3.610502e-03
3.531364e-03
3.454680e-03
3.379592e-03
3.306198e-03
3.234454e-03
3.164324e-03
3.095767e-03
3.028745e-03
2.963223e-03
2.899162e-03
2.836531e-03
2.775294e-03
2.715418e-03
2.656871e-03
2.599623e-03
2.543182e-03
2.488474e-03
2.435301e-03
2.382921e-03
2.331724e-03
2.281654e-03
2.232627e-03
2.184746e-03
2.137904e-03
2.092088e-03
2.046257e-03
2.002901e-03
1.960038e-03
1.918110e-03
1.877095e-03
1.836977e-03
1.797730e-03
1.759337e-03
1.721780e-03
1.683999e-03
1.648569e-03
1.613414e-03
1.579023e-03
1.545373e-03
1.512455e-03
1.480246e-03
1.448735e-03
1.417903e-03
1.387738e-03
1.358222e-03
1.329343e-03
1.301086e-03
1.273438e-03
1.246383e-03
1.219912e-03
1.194009e-03
1.168662e-03
1.143860e-03
1.119590e-03
1.095841e-03
1.072601e-03
1.049858e-03
1.027603e-03
1.005825e-03
9.845115e-04
9.636554e-04
9.431001e-04
9.231689e-04
9.032795e-04
8.842728e-04
8.655578e-04
8.472422e-04
8.293172e-04
8.117745e-04
7.946055e-04
7.778031e-04
7.613579e-04
7.449428e-04
7.293070e-04
7.138948e-04
6.988102e-04
6.840464e-04
6.695966e-04
6.554542e-04
6.416116e-04
6.280643e-04
6.148046e-04
6.018251e-04
5.891229e-04
5.766895e-04
5.645195e-04
5.526086e-04
5.409498e-04
5.295378e-04
5.183695e-04
5.074358e-04
4.967347e-04
4.862601e-04
4.760086e-04
4.659728e-04
4.561495e-04
4.465352e-04
4.371231e-04
4.279114e-04
4.188940e-04
4.100675e-04
4.014276e-04
3.929707e-04
3.846924e-04
3.765891e-04
3.686573e-04
3.608921e-04
3.532927e-04
3.458529e-04
3.385698e-04
3.314423e-04
3.244633e-04
3.176330e-04
3.109463e-04
3.044009e-04
2.979941e-04
2.917220e-04
2.855822e-04
2.795722e-04
2.736893e-04
2.679299e-04
2.622920e-04
2.567740e-04
2.513713e-04
2.460830e-04
2.409065e-04
2.358378e-04
2.308777e-04
2.260210e-04
2.212679e-04
2.166135e-04
2.120574e-04
2.075985e-04
2.032324e-04
1.989589e-04
1.947753e-04
1.906799e-04
1.866697e-04
1.827461e-04
1.789029e-04
1.751420e-04
1.714598e-04
1.678560e-04
1.643262e-04
1.608722e-04
1.574914e-04
1.541806e-04
1.509396e-04
1.477672e-04
1.446615e-04
1.416208e-04
1.386446e-04
1.357310e-04
1.328786e-04
1.300860e-04
1.273522e-04
1.246761e-04
1.220560e-04
1.194914e-04
1.169804e-04
1.145231e-04
1.121160e-04
1.097606e-04
1.074548e-04
1.051972e-04
1.029863e-04
1.008230e-04
9.870503e-05
9.663142e-05
9.460112e-05
9.261411e-05
9.066784e-05
8.876362e-05
8.689910e-05
8.507386e-05
8.328660e-05
8.153682e-05
7.982444e-05
7.814740e-05
7.650645e-05
7.489961e-05
7.332577e-05
7.178622e-05
7.027835e-05
6.880199e-05
6.735738e-05
6.594291e-05
6.455730e-05
6.320192e-05
6.187460e-05
6.057479e-05
5.930322e-05
5.805733e-05
5.683801e-05
5.564474e-05
5.447595e-05
5.333228e-05
5.221163e-05
5.111590e-05
5.004231e-05
4.899172e-05
4.796248e-05
4.695570e-05
4.596955e-05
4.500402e-05
4.405898e-05
4.313437e-05
4.222820e-05
4.134159e-05
4.047391e-05
3.962385e-05
3.879189e-05
3.797729e-05
3.717982e-05
3.639954e-05
3.563499e-05
3.488641e-05
3.415461e-05
3.343695e-05
3.273484e-05
3.204848e-05
3.137480e-05
3.071657e-05
3.007144e-05
2.943968e-05
2.882181e-05
2.821680e-05
2.762411e-05
2.704445e-05
2.647703e-05
2.592059e-05
2.537702e-05
2.484367e-05
2.432188e-05
2.381174e-05
2.331188e-05
2.282242e-05
2.234273e-05
2.187432e-05
2.141527e-05
2.096518e-05
2.052522e-05
2.009436e-05
1.967269e-05
1.925921e-05
1.885538e-05
1.845896e-05
1.807208e-05
1.769231e-05
1.732107e-05
1.695683e-05
1.660204e-05
1.625244e-05
1.591174e-05
1.557800e-05
1.525109e-05
1.493021e-05
1.461685e-05
1.431056e-05
1.400997e-05
1.371581e-05
1.342753e-05
1.314594e-05
1.287004e-05
1.260000e-05
1.233506e-05
1.207673e-05
1.182247e-05
1.157502e-05
1.133188e-05
1.109392e-05
1.086072e-05
1.063290e-05
1.040995e-05
1.019178e-05
9.976989e-06
9.767991e-06
9.562616e-06
9.362621e-06
9.165142e-06
8.973711e-06
8.784555e-06
8.600681e-06
8.419577e-06
2.763049e+00
1.034572e+00
2.686753e-01
3.030242e-02
4.192014e-03
3.855878e-03
3.782440e-03
3.710430e-03
3.639857e-03
3.570692e-03
3.502900e-03
3.436454e-03
3.371325e-03
3.307483e-03
3.244902e-03
3.183552e-03
3.123410e-03
3.063219e-03
3.005718e-03
2.948112e-03
2.892633e-03
2.838184e-03
2.784794e-03
2.732443e-03
2.681109e-03
2.630772e-03
2.581411e-03
2.531928e-03
2.484802e-03
2.438261e-03
2.392617e-03
2.347852e-03
2.303948e-03
2.260889e-03
2.218656e-03
2.177231e-03
2.136601e-03
2.096749e-03
2.057657e-03
2.019312e-03
1.981700e-03
1.945109e-03
1.908783e-03
1.873274e-03
1.838441e-03
1.804269e-03
1.770746e-03
1.737858e-03
1.705594e-03
1.673939e-03
1.642884e-03
1.612416e-03
1.582523e-03
1.553195e-03
1.523776e-03
1.495774e-03
1.468080e-03
1.440908e-03
1.414246e-03
1.388086e-03
1.362417e-03
1.337230e-03
1.312515e-03
1.288091e-03
1.264380e-03
1.241031e-03
1.218120e-03
1.195635e-03
1.173165e-03
1.151324e-03
1.130097e-03
1.109259e-03
1.088976e-03
1.068831e-03
1.049135e-03
1.029807e-03
1.010839e-03
9.922238e-04
9.739554e-04
9.560268e-04
9.384324e-04
9.211635e-04
9.038958e-04
8.874077e-04
8.710879e-04
8.550701e-04
8.393509e-04
8.239225e-04
8.087804e-04
7.941559e-04
7.794680e-04
7.651494e-04
7.510969e-04
7.373039e-04
7.237666e-04
7.104794e-04
6.974383e-04
6.846379e-04
6.720751e-04
6.597436e-04
6.476403e-04
6.357601e-04
6.241006e-04
6.126935e-04
6.014555e-04
5.904276e-04
5.796046e-04
5.689797e-04
5.585523e-04
5.483158e-04
5.382689e-04
5.284070e-04
5.187262e-04
5.092242e-04
4.998977e-04
4.907417e-04
4.817555e-04
4.729341e-04
4.642744e-04
4.557753e-04
4.474314e-04
4.392421e-04
4.312021e-04
4.233111e-04
4.155649e-04
4.079604e-04
4.004963e-04
3.931689e-04
3.859758e-04
3.789162e-04
3.719849e-04
3.651816e-04
3.585034e-04
3.519467e-04
3.455113e-04
3.391939e-04
3.329921e-04
3.269039e-04
3.209278e-04
3.150610e-04
3.093029e-04
3.036491e-04
2.980993e-04
2.926510e-04
2.873032e-04
2.820534e-04
2.768991e-04
2.718402e-04
2.668730e-04
2.619976e-04
2.572109e-04
2.525117e-04
2.479000e-04
2.433712e-04
2.389269e-04
2.345617e-04
2.302786e-04
2.260728e-04
2.219446e-04
2.178911e-04
2.139123e-04
2.100066e-04
2.061718e-04
2.024079e-04
1.987122e-04
1.950840e-04
1.915229e-04
1.880264e-04
1.845944e-04
1.812246e-04
1.779162e-04
1.746686e-04
1.714809e-04
1.683508e-04
1.652788e-04
1.622614e-04
1.593013e-04
1.563927e-04
1.535401e-04
1.507379e-04
1.479866e-04
1.452868e-04
1.426357e-04
1.400327e-04
1.374781e-04
1.349700e-04
1.325070e-04
1.300899e-04
1.277156e-04
1.253865e-04
1.230991e-04
1.208529e-04
1.186484e-04
1.164847e-04
1.143592e-04
1.122733e-04
1.102254e-04
1.082146e-04
1.062413e-04
1.043032e-04
1.024010e-04
1.005326e-04
9.869990e-05
9.689912e-05
9.513229e-05
9.339775e-05
9.169372e-05
9.002223e-05
8.837966e-05
8.676821e-05
8.518595e-05
8.363277e-05
8.210732e-05
8.061058e-05
7.914066e-05
7.769708e-05
7.628100e-05
7.488990e-05
7.352415e-05
7.218361e-05
7.086705e-05
6.957582e-05
6.830624e-05
6.706163e-05
6.583889e-05
6.463821e-05
6.345968e-05
6.230336e-05
6.116731e-05
6.005167e-05
5.895688e-05
5.788262e-05
5.682686e-05
5.579125e-05
5.477349e-05
5.377575e-05
5.279540e-05
5.183249e-05
5.088751e-05
4.996079e-05
4.904945e-05
4.815511e-05
4.727805e-05
4.641516e-05
4.557032e-05
4.473864e-05
4.392343e-05
4.312296e-05
4.233704e-05
4.156470e-05
4.080775e-05
4.006404e-05
3.933352e-05
3.861651e-05
3.791226e-05
3.722219e-05
3.654295e-05
3.587705e-05
3.522352e-05
3.458057e-05
3.395154e-05
3.333214e-05
3.272464e-05
3.212801e-05
3.154308e-05
3.096751e-05
3.040383e-05
2.984867e-05
2.930524e-05
2.877190e-05
2.824653e-05
2.773168e-05
2.722703e-05
2.672987e-05
2.624370e-05
2.576468e-05
2.529535e-05
2.483456e-05
2.438183e-05
2.393771e-05
2.350120e-05
2.307309e-05
2.265215e-05
2.223974e-05
2.183436e-05
2.143666e-05
2.104562e-05
2.066241e-05
2.028572e-05
1.991611e-05
1.955310e-05
1.919701e-05
1.884640e-05
1.850379e-05
1.816629e-05
1.783529e-05
1.751046e-05
1.719136e-05
1.687768e-05
1.657054e-05
1.626828e-05
1.597177e-05
1.568070e-05
1.539534e-05
1.511472e-05
1.483906e-05
1.456003e-05
1.429862e-05
1.403819e-05
1.378249e-05
1.353100e-05
1.328480e-05
1.304254e-05
1.280471e-05
1.257156e-05
1.234245e-05
1.211774e-05
1.189665e-05
1.167964e-05
1.146745e-05
1.125823e-05
1.105318e-05
1.085164e-05
1.065412e-05
1.045955e-05
1.026890e-05
1.008202e-05
9.898727e-06
9.718101e-06
9.540855e-06
9.368246e-06
9.197037e-06
9.029659e-06
8.865250e-06
8.703707e-06
8.544480e-06
2.774696e+00
1.017999e+00
2.680216e-01
2.988941e-02
3.659187e-03
3.333306e-03
3.278255e-03
3.223083e-03
3.169509e-03
3.117283e-03
3.065786e-03
3.015178e-03
2.964048e-03
2.915673e-03
2.867646e-03
2.818533e-03
2.772948e-03
2.727363e-03
2.682557e-03
2.638039e-03
2.594816e-03
2.552266e-03
2.509985e-03
2.469007e-03
2.428591e-03
2.388859e-03
2.349797e-03
2.311397e-03
2.273642e-03
2.235858e-03
2.198858e-03
2.163156e-03
2.127894e-03
2.093222e-03
2.058332e-03
2.025209e-03
1.992256e-03
1.959854e-03
1.927992e-03
1.896662e-03
1.865854e-03
1.835260e-03
1.805554e-03
1.776261e-03
1.747454e-03
1.719126e-03
1.691267e-03
1.663869e-03
1.637233e-03
1.610583e-03
1.584076e-03
1.558761e-03
1.533514e-03
1.508722e-03
1.484339e-03
1.460359e-03
1.436772e-03
1.413574e-03
1.390757e-03
1.368315e-03
1.346241e-03
1.324530e-03
1.303173e-03
1.282169e-03
1.261507e-03
1.241185e-03
1.221193e-03
1.201530e-03
1.182187e-03
1.163161e-03
1.144446e-03
1.125904e-03
1.107825e-03
1.090012e-03
1.072489e-03
1.055252e-03
1.038295e-03
1.021615e-03
1.005205e-03
9.890633e-04
9.731831e-04
9.575616e-04
9.421928e-04
9.270746e-04
9.122006e-04
8.975690e-04
8.831742e-04
8.690125e-04
8.550805e-04
8.413748e-04
8.278904e-04
8.146238e-04
8.013540e-04
7.885822e-04
7.759518e-04
7.632198e-04
7.511395e-04
7.391153e-04
7.272838e-04
7.156443e-04
7.041930e-04
6.924313e-04
6.815476e-04
6.706462e-04
6.599195e-04
6.493672e-04
6.389834e-04
6.287679e-04
6.187166e-04
6.088270e-04
5.990968e-04
5.895231e-04
5.801030e-04
5.708365e-04
5.617168e-04
5.527444e-04
5.439169e-04
5.352302e-04
5.266842e-04
5.182746e-04
5.100006e-04
5.018600e-04
4.938492e-04
4.859672e-04
4.782121e-04
4.705811e-04
4.630725e-04
4.556846e-04
4.484155e-04
4.412625e-04
4.342239e-04
4.272988e-04
4.204851e-04
4.137791e-04
4.071818e-04
4.006898e-04
3.943015e-04
3.880162e-04
3.818304e-04
3.757452e-04
3.697567e-04
3.638635e-04
3.580654e-04
3.523598e-04
3.467449e-04
3.412212e-04
3.357848e-04
3.304359e-04
3.251719e-04
3.199927e-04
3.148955e-04
3.098805e-04
3.049457e-04
3.000892e-04
2.953113e-04
2.906085e-04
2.859817e-04
2.814281e-04
2.769484e-04
2.725389e-04
2.682009e-04
2.639318e-04
2.597302e-04
2.555967e-04
2.514262e-04
2.474591e-04
2.435198e-04
2.396460e-04
2.358319e-04
2.320796e-04
2.283866e-04
2.247530e-04
2.211770e-04
2.176589e-04
2.140846e-04
2.107297e-04
2.073778e-04
2.040785e-04
2.008334e-04
1.976385e-04
1.944947e-04
1.914025e-04
1.883573e-04
1.853622e-04
1.824149e-04
1.795138e-04
1.766593e-04
1.738503e-04
1.710854e-04
1.683657e-04
1.656883e-04
1.630547e-04
1.604618e-04
1.579109e-04
1.554008e-04
1.529300e-04
1.504990e-04
1.481066e-04
1.457520e-04
1.434359e-04
1.411551e-04
1.389124e-04
1.367043e-04
1.345314e-04
1.323934e-04
1.302889e-04
1.282188e-04
1.261801e-04
1.241759e-04
1.222023e-04
1.202602e-04
1.183492e-04
1.164689e-04
1.146180e-04
1.127963e-04
1.110047e-04
1.092403e-04
1.075051e-04
1.057967e-04
1.041166e-04
1.024617e-04
1.008343e-04
9.923168e-05
9.765511e-05
9.610437e-05
9.457696e-05
9.307528e-05
9.159605e-05
9.014109e-05
8.870990e-05
8.729965e-05
8.591347e-05
8.454859e-05
8.320573e-05
8.188439e-05
8.058333e-05
7.930351e-05
7.804401e-05
7.680429e-05
7.558422e-05
7.438359e-05
7.320276e-05
7.204009e-05
7.089556e-05
6.976991e-05
6.866203e-05
6.757147e-05
6.649808e-05
6.544220e-05
6.440300e-05
6.338020e-05
6.237363e-05
6.138308e-05
6.040779e-05
5.944911e-05
5.850554e-05
5.757588e-05
5.666174e-05
5.576178e-05
5.487699e-05
5.400471e-05
5.314788e-05
5.230393e-05
5.147272e-05
5.065579e-05
4.985191e-05
4.905973e-05
4.828102e-05
4.751473e-05
4.676051e-05
4.601721e-05
4.528726e-05
4.456806e-05
4.385981e-05
4.316458e-05
4.247848e-05
4.180456e-05
4.114058e-05
4.048718e-05
3.984473e-05
3.921173e-05
3.858961e-05
3.797664e-05
3.737399e-05
3.678089e-05
3.619664e-05
3.562228e-05
3.505646e-05
3.449968e-05
3.395255e-05
3.341312e-05
3.288312e-05
3.236102e-05
3.184707e-05
3.134122e-05
3.084412e-05
3.035458e-05
2.987249e-05
2.939852e-05
2.893164e-05
2.847216e-05
2.802080e-05
2.757567e-05
2.713751e-05
2.670732e-05
2.628306e-05
2.586563e-05
2.545573e-05
2.505092e-05
2.465402e-05
2.426207e-05
2.387713e-05
2.349835e-05
2.312508e-05
2.275799e-05
2.239751e-05
2.204096e-05
2.169135e-05
2.134728e-05
2.100861e-05
2.067454e-05
2.034696e-05
2.002344e-05
1.970627e-05
1.939284e-05
1.908525e-05
1.878244e-05
1.848472e-05
1.819069e-05
1.790212e-05
1.761795e-05
1.733882e-05
1.706326e-05
1.679196e-05
1.652588e-05
1.626360e-05
1.600539e-05
1.575139e-05
1.550137e-05
1.525567e-05
1.501268e-05
1.477470e-05
1.454053e-05
1.430998e-05
1.408205e-05
1.385950e-05
1.363889e-05
1.342258e-05
1.320955e-05
1.299987e-05
1.279356e-05
1.259052e-05
1.239080e-05
1.219414e-05
1.199998e-05
1.181029e-05
1.162268e-05
1.143827e-05
1.125628e-05
1.107820e-05
1.090164e-05
1.072959e-05
1.055853e-05
1.039122e-05
1.022625e-05
1.006430e-05
9.904485e-06
9.746487e-06
9.592823e-06
9.439813e-06
9.290402e-06
9.143669e-06
8.997065e-06
8.855200e-06
8.714707e-06
2.756935e+00
1.014687e+00
2.659320e-01
2.946884e-02
3.178680e-03
2.860449e-03
2.819083e-03
2.778310e-03
2.738154e-03
2.698067e-03
2.659244e-03
2.619771e-03
2.582343e-03
2.545137e-03
2.508965e-03
2.472635e-03
2.436360e-03
2.401582e-03
2.367080e-03
2.332866e-03
2.300042e-03
2.266200e-03
2.234012e-03
2.202002e-03
2.170465e-03
2.139396e-03
2.109062e-03
2.078783e-03
2.049067e-03
2.019346e-03
1.990716e-03
1.962299e-03
1.934298e-03
1.906710e-03
1.879526e-03
1.852741e-03
1.826348e-03
1.800341e-03
1.774715e-03
1.749464e-03
1.724581e-03
1.699732e-03
1.675603e-03
1.651797e-03
1.628337e-03
1.605218e-03
1.582435e-03
1.559983e-03
1.537857e-03
1.516052e-03
1.494562e-03
1.473384e-03
1.452513e-03
1.431943e-03
1.411671e-03
1.391691e-03
1.372000e-03
1.352594e-03
1.333467e-03
1.314615e-03
1.296035e-03
1.277725e-03
1.259234e-03
1.241660e-03
1.224129e-03
1.206851e-03
1.189819e-03
1.173034e-03
1.156488e-03
1.140179e-03
1.124280e-03
1.108357e-03
1.092737e-03
1.077341e-03
1.062166e-03
1.047208e-03
1.032462e-03
1.017928e-03
1.003488e-03
9.893733e-04
9.754545e-04
9.617334e-04
9.482081e-04
9.345555e-04
9.215596e-04
9.086066e-04
8.958377e-04
8.832501e-04
8.708418e-04
8.586104e-04
8.465519e-04
8.346655e-04
8.229473e-04
8.113960e-04
8.000085e-04
7.887822e-04
7.777154e-04
7.668050e-04
7.560505e-04
7.454472e-04
7.349943e-04
7.246901e-04
7.145307e-04
7.045159e-04
6.944854e-04
6.847723e-04
6.751779e-04
6.657201e-04
6.563951e-04
6.472686e-04
6.381956e-04
6.292604e-04
6.204504e-04
6.117649e-04
6.032018e-04
5.947601e-04
5.864372e-04
5.782310e-04
5.701419e-04
5.621653e-04
5.543024e-04
5.465494e-04
5.389062e-04
5.313706e-04
5.239597e-04
5.166321e-04
5.094097e-04
5.022894e-04
4.949859e-04
4.882036e-04
4.813812e-04
4.746549e-04
4.680235e-04
4.614846e-04
4.550380e-04
4.486822e-04
4.424153e-04
4.362374e-04
4.301445e-04
4.241387e-04
4.182164e-04
4.123778e-04
4.066213e-04
4.009442e-04
3.953482e-04
3.898302e-04
3.843906e-04
3.790250e-04
3.737369e-04
3.685221e-04
3.633793e-04
3.583106e-04
3.533118e-04
3.483832e-04
3.435236e-04
3.387324e-04
3.340084e-04
3.293502e-04
3.247571e-04
3.202284e-04
3.157640e-04
3.113604e-04
3.070199e-04
3.027402e-04
2.984064e-04
2.942985e-04
2.901957e-04
2.861516e-04
2.821631e-04
2.782308e-04
2.743528e-04
2.705302e-04
2.667600e-04
2.630431e-04
2.593786e-04
2.557642e-04
2.522007e-04
2.486877e-04
2.452232e-04
2.418069e-04
2.384393e-04
2.351179e-04
2.318429e-04
2.286138e-04
2.254298e-04
2.222907e-04
2.191949e-04
2.161423e-04
2.131943e-04
2.101983e-04
2.072717e-04
2.043852e-04
2.015399e-04
1.987339e-04
1.959676e-04
1.932389e-04
1.905488e-04
1.878971e-04
1.852809e-04
1.827025e-04
1.801590e-04
1.776515e-04
1.751786e-04
1.727408e-04
1.703369e-04
1.679666e-04
1.656289e-04
1.633236e-04
1.610508e-04
1.588102e-04
1.566004e-04
1.544219e-04
1.522723e-04
1.501536e-04
1.480654e-04
1.460054e-04
1.439733e-04
1.419705e-04
1.399958e-04
1.380479e-04
1.361278e-04
1.342339e-04
1.323668e-04
1.305258e-04
1.287095e-04
1.269203e-04
1.251540e-04
1.234138e-04
1.216974e-04
1.200039e-04
1.183359e-04
1.166894e-04
1.150672e-04
1.134668e-04
1.118890e-04
1.103325e-04
1.087986e-04
1.072859e-04
1.057933e-04
1.043226e-04
1.028716e-04
1.014415e-04
1.000312e-04
9.864029e-05
9.726854e-05
9.591630e-05
9.458279e-05
9.326743e-05
9.197075e-05
9.069276e-05
8.943087e-05
8.818810e-05
8.696164e-05
8.575355e-05
8.456080e-05
8.338543e-05
8.222629e-05
8.108284e-05
7.995634e-05
7.884447e-05
7.774898e-05
7.666759e-05
7.560209e-05
7.455156e-05
7.351495e-05
7.249317e-05
7.148533e-05
7.049197e-05
6.951222e-05
6.854602e-05
6.759316e-05
6.665401e-05
6.572712e-05
6.481444e-05
6.391301e-05
6.302503e-05
6.214896e-05
6.128523e-05
6.043354e-05
5.959362e-05
5.876556e-05
5.794896e-05
5.714361e-05
5.634885e-05
5.556663e-05
5.479426e-05
5.403295e-05
5.328136e-05
5.254140e-05
5.181134e-05
5.109161e-05
5.038105e-05
4.968113e-05
4.899143e-05
4.831018e-05
4.763882e-05
4.697681e-05
4.632393e-05
4.568070e-05
4.504555e-05
4.442049e-05
4.380268e-05
4.319385e-05
4.259432e-05
4.200172e-05
4.141876e-05
4.084301e-05
4.027546e-05
3.971607e-05
3.916408e-05
3.861984e-05
3.808402e-05
3.755430e-05
3.703225e-05
3.651813e-05
3.601131e-05
3.551005e-05
3.501700e-05
3.453101e-05
3.405092e-05
3.357737e-05
3.311144e-05
3.265109e-05
3.219796e-05
3.175062e-05
3.130916e-05
3.087405e-05
3.044572e-05
3.002266e-05
2.960548e-05
2.919367e-05
2.878841e-05
2.838910e-05
2.799419e-05
2.760522e-05
2.722213e-05
2.684377e-05
2.647059e-05
2.610298e-05
2.574088e-05
2.538281e-05
2.503029e-05
2.467418e-05
2.433473e-05
2.399701e-05
2.366356e-05
2.333468e-05
2.301068e-05
2.269086e-05
2.237571e-05
2.206521e-05
2.175844e-05
2.145620e-05
2.115831e-05
2.086386e-05
2.057459e-05
2.028857e-05
2.000748e-05
1.972838e-05
1.945493e-05
1.918492e-05
1.891879e-05
1.865469e-05
1.839652e-05
1.814088e-05
1.788875e-05
1.764020e-05
1.739560e-05
1.715381e-05
1.691526e-05
1.668032e-05
1.644872e-05
1.622052e-05
1.599517e-05
1.577254e-05
1.555409e-05
1.533769e-05
1.512492e-05
1.491446e-05
1.470720e-05
1.450373e-05
1.430095e-05
1.410351e-05
1.390727e-05
1.371406e-05
1.352405e-05
1.333537e-05
1.315072e-05
1.296710e-05
1.278822e-05
1.261006e-05
1.243550e-05
1.226198e-05
1.209209e-05
1.192438e-05
1.175803e-05
1.159512e-05
1.143393e-05
1.127566e-05
1.111826e-05
1.096425e-05
1.081199e-05
1.066208e-05
1.051408e-05
1.036728e-05
1.022387e-05
1.008191e-05
9.941598e-06
9.803611e-06
9.667419e-06
9.533120e-06
9.400969e-06
9.269895e-06
9.141824e-06
9.013954e-06
8.889438e-06
2.725650e+00
1.002698e+00
2.642275e-01
2.925529e-02
2.766346e-03
2.447144e-03
2.416059e-03
2.385378e-03
2.355103e-03
2.325228e-03
2.295748e-03
2.266658e-03
2.237950e-03
2.209622e-03
2.181665e-03
2.154077e-03
2.126850e-03
2.099981e-03
2.073463e-03
2.047293e-03
2.021464e-03
1.995246e-03
1.970212e-03
1.945388e-03
1.920890e-03
1.896708e-03
1.872842e-03
1.849285e-03
1.826033e-03
1.803084e-03
1.780432e-03
1.758073e-03
1.736002e-03
1.714218e-03
1.692715e-03
1.671488e-03
1.650536e-03
1.629853e-03
1.608886e-03
1.588945e-03
1.569055e-03
1.549420e-03
1.530037e-03
1.510902e-03
1.492014e-03
1.473367e-03
1.454958e-03
1.436785e-03
1.418844e-03
1.401133e-03
1.383647e-03
1.366385e-03
1.349343e-03
1.332518e-03
1.315908e-03
1.299508e-03
1.283318e-03
1.267333e-03
1.251552e-03
1.235971e-03
1.220588e-03
1.205400e-03
1.190404e-03
1.175599e-03
1.160981e-03
1.146548e-03
1.132299e-03
1.118229e-03
1.104243e-03
1.090551e-03
1.077009e-03
1.063637e-03
1.050436e-03
1.037400e-03
1.024528e-03
1.011542e-03
9.990414e-04
9.866536e-04
9.744214e-04
9.623430e-04
9.504168e-04
9.386403e-04
9.270126e-04
9.156352e-04
9.042809e-04
8.930848e-04
8.817486e-04
8.708755e-04
8.600968e-04
8.494547e-04
8.389456e-04
8.285686e-04
8.183206e-04
8.082018e-04
7.982095e-04
7.883420e-04
7.785978e-04
7.689756e-04
7.594738e-04
7.500914e-04
7.408249e-04
7.316747e-04
7.226395e-04
7.137166e-04
7.049046e-04
6.962025e-04
6.876099e-04
6.791240e-04
6.707430e-04
6.624678e-04
6.542949e-04
6.462240e-04
6.382538e-04
6.303834e-04
6.226096e-04
6.149328e-04
6.073522e-04
5.998661e-04
5.924719e-04
5.851709e-04
5.779602e-04
5.708386e-04
5.638064e-04
5.568605e-04
5.500015e-04
5.432278e-04
5.365379e-04
5.299315e-04
5.234064e-04
5.169627e-04
5.105985e-04
5.043136e-04
4.981068e-04
4.919766e-04
4.859223e-04
4.799437e-04
4.738759e-04
4.681158e-04
4.623575e-04
4.566709e-04
4.510533e-04
4.455068e-04
4.400276e-04
4.346171e-04
4.292735e-04
4.239955e-04
4.187832e-04
4.137295e-04
4.085994e-04
4.035781e-04
3.986174e-04
3.937189e-04
3.888809e-04
3.841030e-04
3.793835e-04
3.747224e-04
3.701463e-04
3.655933e-04
3.611026e-04
3.566674e-04
3.521496e-04
3.478551e-04
3.435841e-04
3.393649e-04
3.351983e-04
3.310820e-04
3.270183e-04
3.230034e-04
3.190375e-04
3.151219e-04
3.112545e-04
3.074339e-04
3.036606e-04
2.999343e-04
2.962529e-04
2.926180e-04
2.890278e-04
2.854810e-04
2.819786e-04
2.784685e-04
2.750715e-04
2.716984e-04
2.683643e-04
2.650732e-04
2.618221e-04
2.586101e-04
2.554387e-04
2.523067e-04
2.492117e-04
2.461561e-04
2.431372e-04
2.401565e-04
2.372115e-04
2.343032e-04
2.314310e-04
2.285932e-04
2.257911e-04
2.230232e-04
2.202891e-04
2.175888e-04
2.149223e-04
2.122874e-04
2.096855e-04
2.071159e-04
2.045781e-04
2.020703e-04
1.995940e-04
1.971482e-04
1.947325e-04
1.923464e-04
1.899892e-04
1.876617e-04
1.853622e-04
1.830918e-04
1.808484e-04
1.786324e-04
1.764445e-04
1.742830e-04
1.721476e-04
1.700392e-04
1.679564e-04
1.658986e-04
1.638678e-04
1.618597e-04
1.598780e-04
1.579197e-04
1.559854e-04
1.540752e-04
1.521885e-04
1.503243e-04
1.484837e-04
1.466656e-04
1.448699e-04
1.430960e-04
1.413435e-04
1.396128e-04
1.379037e-04
1.362147e-04
1.345481e-04
1.328998e-04
1.312731e-04
1.296659e-04
1.280788e-04
1.265104e-04
1.249624e-04
1.234319e-04
1.219214e-04
1.204289e-04
1.189545e-04
1.174991e-04
1.160607e-04
1.146395e-04
1.132371e-04
1.118510e-04
1.104817e-04
1.091292e-04
1.077946e-04
1.064749e-04
1.051718e-04
1.038843e-04
1.026137e-04
1.013574e-04
1.001174e-04
9.889226e-05
9.768232e-05
9.648683e-05
9.530558e-05
9.414011e-05
9.298853e-05
9.184960e-05
9.072612e-05
8.961651e-05
8.851999e-05
8.743641e-05
8.636698e-05
8.531001e-05
8.426679e-05
8.323542e-05
8.221730e-05
8.121134e-05
8.021756e-05
7.923695e-05
7.826695e-05
7.730926e-05
7.636411e-05
7.542991e-05
7.450690e-05
7.359579e-05
7.269510e-05
7.180579e-05
7.092773e-05
7.006063e-05
6.920313e-05
6.835601e-05
6.752083e-05
6.669418e-05
6.587897e-05
6.507307e-05
6.427718e-05
6.349128e-05
6.271399e-05
6.194750e-05
6.118986e-05
6.044167e-05
5.970175e-05
5.897224e-05
5.825076e-05
5.753817e-05
5.683471e-05
5.613880e-05
5.545342e-05
5.477462e-05
5.410529e-05
5.344289e-05
5.278986e-05
5.214430e-05
5.150643e-05
5.087654e-05
5.025457e-05
4.963996e-05
4.903291e-05
4.843292e-05
4.784103e-05
4.725624e-05
4.667779e-05
4.610720e-05
4.554350e-05
4.498688e-05
4.443690e-05
4.389306e-05
4.335622e-05
4.282671e-05
4.230244e-05
4.178567e-05
4.127476e-05
4.076979e-05
4.027117e-05
3.977937e-05
3.929217e-05
3.881203e-05
3.833790e-05
3.786875e-05
3.740575e-05
3.694852e-05
3.649722e-05
3.605012e-05
3.560958e-05
3.517475e-05
3.474417e-05
3.432005e-05
3.389972e-05
3.348573e-05
3.307591e-05
3.267208e-05
3.227216e-05
3.187787e-05
3.148785e-05
3.110320e-05
3.072297e-05
3.034701e-05
2.997646e-05
2.960982e-05
2.924748e-05
2.889029e-05
2.853732e-05
2.818833e-05
2.784320e-05
2.750327e-05
2.716756e-05
2.683480e-05
2.650622e-05
2.618270e-05
2.586312e-05
2.554627e-05
2.523442e-05
2.492557e-05
2.462108e-05
2.432016e-05
2.402285e-05
2.372929e-05
2.343946e-05
2.315168e-05
2.286999e-05
2.258957e-05
2.231411e-05
2.204089e-05
2.177176e-05
2.150557e-05
2.124285e-05
2.098298e-05
2.072651e-05
2.047322e-05
2.022241e-05
1.997572e-05
1.973163e-05
1.949070e-05
1.925200e-05
1.901661e-05
1.878394e-05
1.855488e-05
1.832809e-05
1.810356e-05
1.788261e-05
1.766400e-05
1.744803e-05
1.723499e-05
1.702389e-05
1.681638e-05
1.661051e-05
1.640728e-05
1.620744e-05
1.600853e-05
1.581286e-05
1.561981e-05
1.542929e-05
1.524030e-05
1.505425e-05
1.486978e-05
1.468874e-05
1.450865e-05
1.433117e-05
1.415679e-05
1.398328e-05
1.381188e-05
1.364341e-05
1.347713e-05
1.331189e-05
1.314943e-05
1.298869e-05
1.283009e-05
1.267315e-05
1.251844e-05
1.236467e-05
1.221446e-05
1.206455e-05
1.191655e-05
1.177249e-05
1.162776e-05
1.148550e-05
1.134514e-05
1.120667e-05
1.106969e-05
1.093433e-05
1.080080e-05
1.066852e-05
1.053878e-05
1.040911e-05
1.028229e-05
1.015678e-05
1.003251e-05
9.909808e-06
9.788524e-06
9.669243e-06
9.551169e-06
9.434105e-06
9.318931e-06
9.205347e-06
9.091895e-06
8.981784e-06
2.691514e+00
9.921794e-01
2.631301e-01
2.895745e-02
2.413875e-03
2.091483e-03
2.067954e-03
2.044826e-03
2.021901e-03
1.999244e-03
1.976850e-03
1.954927e-03
1.932982e-03
1.911360e-03
1.889988e-03
1.867689e-03
1.847154e-03
1.826524e-03
1.806134e-03
1.785980e-03
1.766058e-03
1.746365e-03
1.726900e-03
1.707659e-03
1.688639e-03
1.669838e-03
1.651253e-03
1.632881e-03
1.614720e-03
1.596767e-03
1.579020e-03
1.561476e-03
1.544132e-03
1.526987e-03
1.510037e-03
1.493281e-03
1.476717e-03
1.460340e-03
1.443573e-03
1.427618e-03
1.411851e-03
1.396214e-03
1.380753e-03
1.365467e-03
1.350356e-03
1.335415e-03
1.320644e-03
1.306040e-03
1.291602e-03
1.277326e-03
1.263213e-03
1.249259e-03
1.235462e-03
1.221821e-03
1.208334e-03
1.195000e-03
1.181814e-03
1.168780e-03
1.155889e-03
1.143146e-03
1.130545e-03
1.118085e-03
1.105766e-03
1.093586e-03
1.081542e-03
1.069633e-03
1.057858e-03
1.045911e-03
1.034491e-03
1.023110e-03
1.011856e-03
1.000728e-03
9.897244e-04
9.788447e-04
9.680854e-04
9.574471e-04
9.469278e-04
9.365249e-04
9.262390e-04
9.160679e-04
9.056479e-04
8.958367e-04
8.860039e-04
8.762810e-04
8.666671e-04
8.571595e-04
8.477576e-04
8.384603e-04
8.292672e-04
8.201755e-04
8.111856e-04
8.022945e-04
7.935030e-04
7.848093e-04
7.765648e-04
7.678878e-04
7.594787e-04
7.511616e-04
7.429383e-04
7.348052e-04
7.267617e-04
7.188079e-04
7.109426e-04
7.031639e-04
6.954710e-04
6.878641e-04
6.803408e-04
6.729008e-04
6.655428e-04
6.582666e-04
6.511999e-04
6.440361e-04
6.369972e-04
6.300359e-04
6.231520e-04
6.163436e-04
6.094100e-04
6.028279e-04
5.962434e-04
5.897321e-04
5.832932e-04
5.769243e-04
5.706257e-04
5.643968e-04
5.582364e-04
5.521443e-04
5.461193e-04
5.401594e-04
5.342667e-04
5.284378e-04
5.226734e-04
5.169730e-04
5.114613e-04
5.058486e-04
5.003320e-04
4.948771e-04
4.894815e-04
4.841455e-04
4.788683e-04
4.736489e-04
4.684861e-04
4.633809e-04
4.583317e-04
4.533378e-04
4.483982e-04
4.435134e-04
4.386820e-04
4.339042e-04
4.291774e-04
4.245039e-04
4.198810e-04
4.153077e-04
4.107868e-04
4.063137e-04
4.018907e-04
3.975155e-04
3.931884e-04
3.889085e-04
3.846753e-04
3.804898e-04
3.763483e-04
3.722534e-04
3.682026e-04
3.641968e-04
3.602344e-04
3.563153e-04
3.524395e-04
3.486051e-04
3.448144e-04
3.410631e-04
3.373543e-04
3.336859e-04
3.300564e-04
3.264681e-04
3.229185e-04
3.194068e-04
3.159352e-04
3.125003e-04
3.091029e-04
3.057432e-04
3.024191e-04
2.991330e-04
2.958818e-04
2.926663e-04
2.894856e-04
2.863398e-04
2.832284e-04
2.801509e-04
2.771064e-04
2.740967e-04
2.711181e-04
2.681736e-04
2.652597e-04
2.623790e-04
2.595283e-04
2.567093e-04
2.539212e-04
2.511639e-04
2.484359e-04
2.457377e-04
2.430698e-04
2.404299e-04
2.378197e-04
2.352369e-04
2.326828e-04
2.301564e-04
2.276578e-04
2.251863e-04
2.227422e-04
2.203240e-04
2.179321e-04
2.155666e-04
2.132271e-04
2.109126e-04
2.086228e-04
2.062574e-04
2.040651e-04
2.018503e-04
1.996596e-04
1.974930e-04
1.953500e-04
1.932305e-04
1.911339e-04
1.890599e-04
1.870084e-04
1.849796e-04
1.829730e-04
1.809404e-04
1.789883e-04
1.770461e-04
1.751266e-04
1.732261e-04
1.713473e-04
1.694889e-04
1.676507e-04
1.658322e-04
1.640332e-04
1.622550e-04
1.604945e-04
1.587540e-04
1.570325e-04
1.553299e-04
1.536452e-04
1.519791e-04
1.503310e-04
1.487009e-04
1.470889e-04
1.454939e-04
1.439162e-04
1.423558e-04
1.408125e-04
1.392855e-04
1.377759e-04
1.362823e-04
1.348043e-04
1.333432e-04
1.318978e-04
1.304680e-04
1.290537e-04
1.276552e-04
1.262706e-04
1.249026e-04
1.235480e-04
1.222096e-04
1.208850e-04
1.195743e-04
1.182790e-04
1.169970e-04
1.157284e-04
1.144747e-04
1.132334e-04
1.120072e-04
1.107930e-04
1.095925e-04
1.084043e-04
1.072303e-04
1.060682e-04
1.049183e-04
1.037824e-04
1.026572e-04
1.015523e-04
1.004492e-04
9.936070e-05
9.828435e-05
9.721935e-05
9.616560e-05
9.512414e-05
9.409381e-05
9.307404e-05
9.206523e-05
9.106850e-05
9.008178e-05
8.910632e-05
8.814033e-05
8.718577e-05
8.624123e-05
8.530666e-05
8.438321e-05
8.346884e-05
8.256523e-05
8.167057e-05
8.078507e-05
7.991075e-05
7.904549e-05
7.818876e-05
7.734190e-05
7.650434e-05
7.567596e-05
7.485573e-05
7.404584e-05
7.324318e-05
7.245015e-05
7.166568e-05
7.088912e-05
7.012125e-05
6.936218e-05
6.861138e-05
6.786756e-05
6.713280e-05
6.641357e-05
6.569262e-05
6.498195e-05
6.427763e-05
6.358203e-05
6.289325e-05
6.221254e-05
6.153826e-05
6.087248e-05
6.021305e-05
5.956130e-05
5.891567e-05
5.827830e-05
5.764744e-05
5.702241e-05
5.640584e-05
5.579495e-05
5.519065e-05
5.459281e-05
5.400222e-05
5.341677e-05
5.283906e-05
5.226716e-05
5.170008e-05
5.114117e-05
5.058747e-05
5.004011e-05
4.949790e-05
4.896164e-05
4.843254e-05
4.790744e-05
4.738903e-05
4.687555e-05
4.636813e-05
4.586690e-05
4.537019e-05
4.487821e-05
4.439302e-05
4.391263e-05
4.343655e-05
4.296633e-05
4.250223e-05
4.204110e-05
4.158605e-05
4.113622e-05
4.069116e-05
4.025016e-05
3.981438e-05
3.938392e-05
3.895685e-05
3.853634e-05
3.811836e-05
3.770556e-05
3.729777e-05
3.689387e-05
3.649470e-05
3.609911e-05
3.570903e-05
3.532256e-05
3.493966e-05
3.456154e-05
3.418788e-05
3.381725e-05
3.345160e-05
3.308959e-05
3.273108e-05
3.237747e-05
3.202596e-05
3.168022e-05
3.133695e-05
3.099855e-05
3.066175e-05
3.033053e-05
3.000215e-05
2.967751e-05
2.935646e-05
2.903833e-05
2.872395e-05
2.841367e-05
2.810539e-05
2.780171e-05
2.750099e-05
2.720303e-05
2.690847e-05
2.661741e-05
2.632923e-05
2.604468e-05
2.576218e-05
2.548389e-05
2.520815e-05
2.493503e-05
2.466487e-05
2.439867e-05
2.413372e-05
2.387378e-05
2.361448e-05
2.335905e-05
2.310575e-05
2.285655e-05
2.260907e-05
2.236425e-05
2.212175e-05
2.188312e-05
2.164571e-05
2.141205e-05
2.117963e-05
2.095087e-05
2.072413e-05
2.049979e-05
2.027799e-05
2.005831e-05
1.984136e-05
1.962663e-05
1.941440e-05
1.920419e-05
1.899664e-05
1.879081e-05
1.858717e-05
1.838636e-05
1.818755e-05
1.799052e-05
1.779587e-05
1.760331e-05
1.741267e-05
1.722428e-05
1.703779e-05
1.685371e-05
1.667154e-05
1.649070e-05
1.631231e-05
1.613598e-05
1.596091e-05
1.578834e-05
1.561793e-05
1.544866e-05
1.528141e-05
1.511651e-05
1.495225e-05
1.479081e-05
1.463075e-05
1.447227e-05
1.431555e-05
1.416123e-05
1.400732e-05
1.385596e-05
1.370575e-05
1.355859e-05
1.341116e-05
1.326542e-05
1.312294e-05
1.298015e-05
1.284004e-05
1.270131e-05
1.256366e-05
1.242737e-05
1.229304e-05
1.216099e-05
1.202823e-05
1.189853e-05
1.176959e-05
1.164220e-05
1.151668e-05
1.139154e-05
1.126837e-05
1.114663e-05
1.102621e-05
1.090638e-05
1.078887e-05
1.067205e-05
1.055636e-05
1.044233e-05
1.032927e-05
1.021739e-05
1.010663e-05
9.997577e-06
9.889453e-06
9.781999e-06
9.676743e-06
9.572019e-06
9.468283e-06
9.365942e-06
2.642726e+00
9.846953e-01
2.622580e-01
2.877410e-02
2.126662e-03
1.793562e-03
1.775649e-03
1.757951e-03
1.740436e-03
1.723103e-03
1.705948e-03
1.688970e-03
1.672168e-03
1.655538e-03
1.638589e-03
1.622430e-03
1.606100e-03
1.590226e-03
1.574440e-03
1.558813e-03
1.543349e-03
1.528042e-03
1.512892e-03
1.497897e-03
1.483055e-03
1.468365e-03
1.453825e-03
1.439432e-03
1.425188e-03
1.411087e-03
1.397131e-03
1.383315e-03
1.369248e-03
1.355815e-03
1.341396e-03
1.328560e-03
1.315442e-03
1.302456e-03
1.289601e-03
1.276877e-03
1.264282e-03
1.251815e-03
1.239472e-03
1.227256e-03
1.215162e-03
1.203190e-03
1.191427e-03
1.179678e-03
1.167650e-03
1.156349e-03
1.144970e-03
1.133706e-03
1.122554e-03
1.111751e-03
1.100187e-03
1.089560e-03
1.078851e-03
1.068252e-03
1.057757e-03
1.047575e-03
1.037271e-03
1.027087e-03
1.017006e-03
1.007026e-03
9.971449e-04
9.873634e-04
9.776786e-04
9.680920e-04
9.586004e-04
9.492034e-04
9.398392e-04
9.306335e-04
9.215157e-04
9.124893e-04
9.035520e-04
8.947043e-04
8.859443e-04
8.772723e-04
8.686861e-04
8.601849e-04
8.517683e-04
8.434361e-04
8.351866e-04
8.270180e-04
8.189323e-04
8.109253e-04
8.029985e-04
7.951508e-04
7.873792e-04
7.796868e-04
7.720694e-04
7.645273e-04
7.570611e-04
7.496680e-04
7.423479e-04
7.351004e-04
7.279257e-04
7.208200e-04
7.137865e-04
7.068214e-04
6.999252e-04
6.930983e-04
6.863373e-04
6.796434e-04
6.730167e-04
6.664539e-04
6.599567e-04
6.535241e-04
6.471543e-04
6.408470e-04
6.346023e-04
6.282598e-04
6.221997e-04
6.161383e-04
6.101370e-04
6.041948e-04
5.983114e-04
5.924856e-04
5.867169e-04
5.810054e-04
5.753504e-04
5.697501e-04
5.642051e-04
5.587152e-04
5.532786e-04
5.478958e-04
5.425657e-04
5.372888e-04
5.320619e-04
5.268880e-04
5.217637e-04
5.166911e-04
5.116670e-04
5.066930e-04
5.017667e-04
4.968904e-04
4.920602e-04
4.872783e-04
4.825439e-04
4.778545e-04
4.732113e-04
4.686144e-04
4.640626e-04
4.595543e-04
4.550906e-04
4.506706e-04
4.462948e-04
4.419602e-04
4.376694e-04
4.334202e-04
4.292121e-04
4.250450e-04
4.209196e-04
4.168341e-04
4.127885e-04
4.087823e-04
4.048158e-04
4.008870e-04
3.969978e-04
3.931459e-04
3.893317e-04
3.855549e-04
3.818150e-04
3.781117e-04
3.744442e-04
3.708125e-04
3.672169e-04
3.636557e-04
3.601297e-04
3.566382e-04
3.531796e-04
3.497562e-04
3.462970e-04
3.429743e-04
3.396496e-04
3.363583e-04
3.328512e-04
3.296769e-04
3.264824e-04
3.233183e-04
3.201854e-04
3.170836e-04
3.139781e-04
3.109440e-04
3.079316e-04
3.049486e-04
3.019945e-04
2.990691e-04
2.961730e-04
2.933042e-04
2.904632e-04
2.876512e-04
2.848649e-04
2.821066e-04
2.793750e-04
2.766699e-04
2.739910e-04
2.713388e-04
2.687114e-04
2.661101e-04
2.635350e-04
2.609833e-04
2.584571e-04
2.559554e-04
2.534783e-04
2.510250e-04
2.485961e-04
2.461896e-04
2.438075e-04
2.414487e-04
2.391119e-04
2.366893e-04
2.344531e-04
2.321850e-04
2.299385e-04
2.277140e-04
2.255109e-04
2.233296e-04
2.211696e-04
2.190300e-04
2.169115e-04
2.148128e-04
2.127358e-04
2.106784e-04
2.086410e-04
2.066226e-04
2.046251e-04
2.026464e-04
2.006862e-04
1.987460e-04
1.968250e-04
1.949204e-04
1.930373e-04
1.911698e-04
1.893224e-04
1.874918e-04
1.856793e-04
1.838847e-04
1.821066e-04
1.803461e-04
1.786029e-04
1.768768e-04
1.751674e-04
1.734741e-04
1.717972e-04
1.701376e-04
1.684924e-04
1.668642e-04
1.652518e-04
1.636551e-04
1.620737e-04
1.605071e-04
1.589562e-04
1.574204e-04
1.558993e-04
1.543925e-04
1.529014e-04
1.514245e-04
1.499605e-04
1.485126e-04
1.470770e-04
1.456567e-04
1.442493e-04
1.428557e-04
1.414765e-04
1.401091e-04
1.387557e-04
1.374151e-04
1.360885e-04
1.347737e-04
1.334721e-04
1.321828e-04
1.309061e-04
1.296420e-04
1.283896e-04
1.271504e-04
1.259213e-04
1.247060e-04
1.235018e-04
1.223083e-04
1.211124e-04
1.199433e-04
1.187850e-04
1.176375e-04
1.165024e-04
1.153769e-04
1.142632e-04
1.131595e-04
1.120672e-04
1.109853e-04
1.099137e-04
1.088524e-04
1.078012e-04
1.067609e-04
1.057301e-04
1.047091e-04
1.036986e-04
1.026972e-04
1.017064e-04
1.007243e-04
9.975169e-05
9.878927e-05
9.783532e-05
9.689073e-05
9.595601e-05
9.502936e-05
9.411196e-05
9.320397e-05
9.230451e-05
9.141310e-05
9.053095e-05
8.965706e-05
8.879219e-05
8.793487e-05
8.708583e-05
8.624616e-05
8.541328e-05
8.458900e-05
8.377312e-05
8.296435e-05
8.216353e-05
8.137066e-05
8.058554e-05
7.980805e-05
7.903793e-05
7.827502e-05
7.751935e-05
7.677194e-05
7.603064e-05
7.529747e-05
7.457075e-05
7.385066e-05
7.313904e-05
7.243253e-05
7.173403e-05
7.104168e-05
7.035666e-05
6.967759e-05
6.900553e-05
6.833950e-05
6.768010e-05
6.702704e-05
6.638051e-05
6.574001e-05
6.510565e-05
6.447817e-05
6.385595e-05
6.323904e-05
6.262968e-05
6.202513e-05
6.142724e-05
6.083478e-05
6.024738e-05
5.966606e-05
5.909138e-05
5.852017e-05
5.795648e-05
5.739710e-05
5.684324e-05
5.629499e-05
5.575193e-05
5.521472e-05
5.468179e-05
5.415422e-05
5.363178e-05
5.311494e-05
5.260224e-05
5.209497e-05
5.159268e-05
5.109422e-05
5.060252e-05
5.011350e-05
4.963038e-05
4.915231e-05
4.867783e-05
4.820810e-05
4.774325e-05
4.728308e-05
4.682653e-05
4.637503e-05
4.592799e-05
4.548497e-05
4.504622e-05
4.461196e-05
4.418169e-05
4.375511e-05
4.333333e-05
4.291625e-05
4.250165e-05
4.209175e-05
4.168621e-05
4.128359e-05
4.088572e-05
4.049184e-05
4.010027e-05
3.971452e-05
3.933148e-05
3.895190e-05
3.857640e-05
3.820454e-05
3.783548e-05
3.747162e-05
3.710938e-05
3.675215e-05
3.639693e-05
3.604685e-05
3.569885e-05
3.535488e-05
3.501365e-05
3.467602e-05
3.434171e-05
3.401101e-05
3.368234e-05
3.335764e-05
3.303651e-05
3.271769e-05
3.240226e-05
3.208933e-05
3.178101e-05
3.147355e-05
3.117018e-05
3.087039e-05
3.057204e-05
3.027733e-05
2.998545e-05
2.969633e-05
2.941007e-05
2.912666e-05
2.884513e-05
2.856761e-05
2.829243e-05
2.801925e-05
2.774935e-05
2.748177e-05
2.721642e-05
2.695414e-05
2.669422e-05
2.643715e-05
2.618197e-05
2.592987e-05
2.567958e-05
2.543195e-05
2.518706e-05
2.494354e-05
2.470381e-05
2.446553e-05
2.422932e-05
2.399637e-05
2.376440e-05
2.353530e-05
2.330866e-05
2.308388e-05
2.286115e-05
2.264093e-05
2.242229e-05
2.220647e-05
2.199235e-05
2.178076e-05
2.157029e-05
2.136213e-05
2.115704e-05
2.095223e-05
2.075046e-05
2.055055e-05
2.035186e-05
2.015609e-05
1.996218e-05
1.976920e-05
1.957898e-05
1.938980e-05
1.920299e-05
1.901823e-05
1.883469e-05
1.865321e-05
1.847305e-05
1.829530e-05
1.811882e-05
1.794410e-05
1.777108e-05
1.760016e-05
1.743045e-05
1.726161e-05
1.709591e-05
1.693100e-05
1.676770e-05
1.660598e-05
1.644607e-05
1.628756e-05
1.612994e-05
1.597555e-05
1.582102e-05
1.566831e-05
1.551716e-05
1.536825e-05
1.521982e-05
1.507256e-05
1.492814e-05
1.478380e-05
1.464123e-05
1.450023e-05
