1.286593e+03
1.014084e+03
8.085056e+02
6.559515e+02
5.392371e+02
4.420640e+02
3.602116e+02
2.966306e+02
2.393421e+02
1.904394e+02
1.495296e+02
1.175322e+02
9.298481e+01
7.230659e+01
5.402130e+01
3.908342e+01
2.648757e+01
1.603589e+01
8.851082e+00
4.259235e+00
1.525951e+00
3.186056e-01
2.838718e-02
3.237009e-04
1.290926e-07
1.918335e+02
2.233848e+02
2.569066e+02
2.889983e+02
3.076534e+02
3.113649e+02
3.025314e+02
2.873695e+02
2.721252e+02
2.543925e+02
2.378283e+02
2.215458e+02
2.057675e+02
1.907839e+02
1.758556e+02
1.617202e+02
1.490332e+02
1.346801e+02
1.225046e+02
1.106016e+02
9.980100e+01
8.911128e+01
7.863730e+01
6.876203e+01
5.931043e+01
5.075436e+01
4.264307e+01
3.506627e+01
2.841324e+01
2.240891e+01
1.662360e+01
1.183487e+01
7.854477e+00
4.797813e+00
2.566921e+00
1.249358e+00
6.424330e-01
4.515030e-01
3.745118e-01
3.310393e-01
3.130066e-01
3.061346e-01
3.004338e-01
2.945988e-01
2.886582e-01
2.826566e-01
2.765661e-01
2.704449e-01
2.643221e-01
2.581385e-01
2.519728e-01
2.458434e-01
2.396615e-01
2.335240e-01
2.274565e-01
2.213348e-01
2.152586e-01
2.092920e-01
2.032740e-01
1.972699e-01
1.914155e-01
1.855419e-01
1.796193e-01
1.738559e-01
1.681570e-01
1.623515e-01
1.566371e-01
1.510982e-01
1.454797e-01
1.398069e-01
1.343401e-01
1.289535e-01
1.234127e-01
1.179266e-01
1.126813e-01
1.074050e-01
1.019680e-01
9.667786e-02
9.161888e-02
8.645011e-02
8.113365e-02
7.602128e-02
7.113286e-02
6.609482e-02
6.090873e-02
5.595503e-02
5.125368e-02
4.640869e-02
4.139818e-02
3.663091e-02
3.220871e-02
2.773470e-02
2.309644e-02
1.871413e-02
1.486890e-02
1.123343e-02
7.512854e-03
4.073739e-03
1.639761e-03
4.770767e-04
1.105974e-04
2.326241e-05
4.757040e-06
9.669291e-07
1.988183e-07
4.331261e-08
1.191479e-08
8.577618e-09
6.365835e-09
5.073997e+21
1.501607e+21
5.514911e+20
2.138282e+20
7.727058e+19
2.782059e+19
1.010346e+19
3.908776e+18
1.412045e+18
5.084267e+17
1.855688e+17
7.170616e+16
2.580468e+16
9.291604e+15
3.462125e+15
1.310375e+15
4.715742e+14
1.698067e+14
6.514377e+13
2.394616e+13
8.617931e+12
3.117312e+12
1.198033e+12
4.376008e+11
1.574919e+11
5.697014e+10
2.192794e+10
8.017413e+09
2.890741e+09
1.041276e+09
4.022210e+08
1.465429e+08
5.295178e+07
1.904004e+07
7.378258e+06
2.688446e+06
9.698493e+05
3.489544e+05
1.362486e+05
4.955953e+04
1.798735e+04
6.577519e+03
2.586795e+03
9.591410e+02
3.539867e+02
1.468851e+02
5.986738e+01
2.652004e+01
8.932701e+00
2.933224e+00
5.626637e-01
6.487573e-02
1.630475e-03
7.088667e-06
1.788869e-08
6.039181e-09
3.059348e-09
2.345768e-09
1.616960e-09
7.284387e-10
2.894611e-09
2.781021e+00
1.081508e+00
2.871600e-01
2.919285e-02
5.912182e-04
4.954127e-05
1.054499e-05
2.261049e-06
4.861928e-07
1.049708e-07
2.499006e-08
7.665179e-09
2.804132e+00
1.088051e+00
2.886843e-01
2.916493e-02
5.999055e-04
5.097426e-05
1.094313e-05
2.369217e-06
5.120474e-07
1.114069e-07
2.495297e-08
6.558684e-09
2.822691e+00
1.097013e+00
2.896959e-01
2.921089e-02
6.019799e-04
5.247932e-05
1.136552e-05
2.478238e-06
5.410854e-07
1.183811e-07
2.632015e-08
5.872794e-09
2.838901e+00
1.108237e+00
2.917309e-01
2.957547e-02
6.103870e-04
5.406230e-05
1.181295e-05
2.600104e-06
5.726059e-07
1.260721e-07
3.110368e-08
9.972134e-09
2.858223e+00
1.117436e+00
2.921320e-01
2.980428e-02
6.189118e-04
5.572828e-05
1.228915e-05
2.727349e-06
6.058541e-07
1.369201e-07
3.126964e-08
7.995068e-09
2.884055e+00
1.123069e+00
2.943697e-01
3.003080e-02
6.277585e-04
5.748845e-05
1.279551e-05
2.866488e-06
6.421638e-07
1.443120e-07
3.301153e-08
8.444401e-09
2.907774e+00
1.127715e+00
2.981629e-01
3.024986e-02
6.369736e-04
5.934985e-05
1.333528e-05
3.015022e-06
6.825095e-07
1.553100e-07
3.740776e-08
1.082808e-08
2.283032e-09
2.933342e+00
1.133333e+00
2.991144e-01
3.038911e-02
6.456341e-04
6.131400e-05
1.391015e-05
3.175714e-06
7.248611e-07
1.661192e-07
3.884717e-08
1.138901e-08
4.551554e-09
2.941653e+00
1.149575e+00
3.012528e-01
3.069090e-02
6.555820e-04
6.340289e-05
1.452421e-05
3.353029e-06
7.728255e-07
1.781538e-07
4.357543e-08
1.125898e-08
2.803334e-09
2.965203e+00
1.154762e+00
3.030253e-01
3.075346e-02
6.653725e-04
6.560838e-05
1.518361e-05
3.536868e-06
8.261085e-07
1.926896e-07
4.488387e-08
1.406083e-08
5.890322e-09
2.989208e+00
1.155557e+00
3.070681e-01
3.113362e-02
6.789906e-04
6.794561e-05
1.589097e-05
3.740268e-06
8.793231e-07
2.080731e-07
4.878997e-08
1.358182e-08
4.084461e-09
3.009982e+00
1.161898e+00
3.083315e-01
3.119084e-02
6.858091e-04
7.043205e-05
1.664451e-05
3.957608e-06
9.428627e-07
2.249260e-07
5.340088e-08
1.497083e-08
3.694243e-09
3.019317e+00
1.177887e+00
3.072969e-01
3.136726e-02
7.042475e-04
7.307093e-05
1.745491e-05
4.194081e-06
1.008281e-06
2.432083e-07
6.073053e-08
1.658225e-08
4.907785e-09
3.039408e+00
1.180572e+00
3.115595e-01
3.140557e-02
7.081027e-04
7.588781e-05
1.833005e-05
4.453201e-06
1.082832e-06
2.675766e-07
6.726284e-08
1.971329e-08
5.899106e-09
3.052022e+00
1.190975e+00
3.128715e-01
3.190957e-02
7.247137e-04
7.886913e-05
1.926691e-05
4.736468e-06
1.163829e-06
2.864336e-07
7.222012e-08
1.801826e-08
4.839889e-09
3.075827e+00
1.190153e+00
3.156080e-01
3.186663e-02
7.340262e-04
8.203485e-05
2.027813e-05
5.038857e-06
1.252202e-06
3.119392e-07
7.725781e-08
2.253097e-08
7.439217e-09
3.084639e+00
1.205366e+00
3.161846e-01
3.240184e-02
7.491398e-04
8.539571e-05
2.135868e-05
5.373329e-06
1.350814e-06
3.400556e-07
8.577731e-08
2.222163e-08
6.806105e-09
3.110852e+00
1.205394e+00
3.198113e-01
3.281559e-02
7.723002e-04
8.893577e-05
2.251785e-05
5.732339e-06
1.459770e-06
3.723268e-07
9.495368e-08
2.800094e-08
7.889187e-09
3.122366e+00
1.229122e+00
3.191809e-01
3.297236e-02
7.842329e-04
9.264114e-05
2.375200e-05
6.121735e-06
1.576067e-06
4.059821e-07
1.054583e-07
2.807707e-08
8.926908e-09
3.152952e+00
1.239672e+00
3.255182e-01
3.331245e-02
7.951508e-04
9.646535e-05
2.505162e-05
6.540122e-06
1.705888e-06
4.458420e-07
1.165171e-07
3.135164e-08
1.111836e-08
7.273861e-09
3.187488e+00
1.267854e+00
3.359176e-01
3.404986e-02
8.127328e-04
1.003313e-04
2.640122e-05
6.984132e-06
1.845467e-06
4.881366e-07
1.311209e-07
3.755365e-08
1.287575e-08
4.664133e-09
3.240094e+00
1.310860e+00
3.521815e-01
3.491151e-02
8.380977e-04
1.041015e-04
2.776770e-05
7.446097e-06
1.995963e-06
5.343359e-07
1.466275e-07
4.127147e-08
1.278349e-08
5.838746e-09
3.350682e+00
1.384480e+00
3.669705e-01
3.644206e-02
8.575553e-04
1.075703e-04
2.908817e-05
7.907734e-06
2.148176e-06
5.850184e-07
1.588401e-07
4.595217e-08
1.405012e-08
4.160719e-09
3.541965e+00
1.471498e+00
3.916426e-01
3.914757e-02
8.881394e-04
1.104144e-04
3.027394e-05
8.343134e-06
2.299690e-06
6.337543e-07
1.763290e-07
5.065414e-08
1.476374e-08
6.036219e-09
3.843098e+00
1.578318e+00
4.177779e-01
4.200862e-02
9.234457e-04
1.121988e-04
3.119272e-05
8.718106e-06
2.434173e-06
6.800600e-07
1.898434e-07
5.641515e-08
1.659314e-08
6.520237e-09
4.195720e+00
1.723673e+00
4.646573e-01
4.562326e-02
9.672682e-04
1.124552e-04
3.169398e-05
8.983604e-06
2.549974e-06
7.222007e-07
2.058331e-07
5.930575e-08
2.264701e-08
1.294250e-08
1.914169e-09
4.598962e+00
1.891920e+00
5.048782e-01
4.904244e-02
1.006716e-03
1.106881e-04
3.160364e-05
9.088313e-06
2.617736e-06
7.578758e-07
2.177545e-07
6.217647e-08
2.067011e-08
6.010454e-09
5.004846e+00
2.043423e+00
5.228212e-01
5.134230e-02
1.023841e-03
1.067124e-04
3.083406e-05
8.989936e-06
2.622981e-06
7.667193e-07
2.249084e-07
7.076338e-08
2.532135e-08
1.180778e-08
5.324591e+00
2.113396e+00
5.288105e-01
5.152744e-02
1.030450e-03
1.006828e-04
2.940087e-05
8.690083e-06
2.569664e-06
7.589215e-07
2.262383e-07
7.121837e-08
2.305066e-08
1.062738e-08
5.194554e-09
5.475237e+00
2.086170e+00
5.170292e-01
4.893324e-02
9.784655e-04
9.322490e-05
2.746299e-05
8.222020e-06
2.460500e-06
7.434368e-07
2.245898e-07
7.017505e-08
2.407045e-08
6.375308e-09
5.402467e+00
2.013667e+00
4.829462e-01
4.567496e-02
9.400337e-04
8.524913e-05
2.526920e-05
7.662597e-06
2.321050e-06
7.076082e-07
2.149823e-07
6.874611e-08
2.811539e-08
7.965462e-09
5.222409e+00
1.880744e+00
4.422643e-01
4.292672e-02
9.214390e-04
7.756106e-05
2.307597e-05
7.075961e-06
2.169042e-06
6.646756e-07
2.110083e-07
7.026616e-08
2.223534e-08
6.670002e-09
4.967401e+00
1.729473e+00
4.090279e-01
4.020209e-02
8.919851e-04
7.072324e-05
2.106360e-05
6.529840e-06
2.024698e-06
6.278368e-07
1.985009e-07
6.080688e-08
2.087127e-08
1.022952e-08
6.016177e-09
4.671823e+00
1.600673e+00
3.807784e-01
3.821021e-02
8.941324e-04
6.494727e-05
1.932791e-05
6.055732e-06
1.897193e-06
5.957395e-07
1.913475e-07
5.933869e-08
1.846257e-08
1.363602e-08
2.745929e-09
4.389104e+00
1.485712e+00
3.579730e-01
3.692075e-02
9.058716e-04
6.028566e-05
1.789464e-05
5.659917e-06
1.790060e-06
5.664366e-07
1.818512e-07
5.831340e-08
2.139989e-08
7.573879e-09
4.127406e+00
1.390428e+00
3.428384e-01
3.609822e-02
9.263954e-04
5.661407e-05
1.674687e-05
5.348593e-06
1.706227e-06
5.446978e-07
1.747220e-07
5.806470e-08
2.081693e-08
1.129334e-08
4.025795e-09
3.894358e+00
1.318918e+00
3.280421e-01
3.545046e-02
9.517353e-04
5.381980e-05
1.585227e-05
5.106151e-06
1.644773e-06
5.296247e-07
1.728424e-07
5.835167e-08
2.104617e-08
7.038755e-09
3.695561e+00
1.253432e+00
3.193838e-01
3.518328e-02
9.779366e-04
5.171107e-05
1.517563e-05
4.931010e-06
1.601890e-06
5.200789e-07
1.696635e-07
5.676736e-08
1.934446e-08
7.260777e-09
3.509183e+00
1.212195e+00
3.136404e-01
3.493131e-02
1.007642e-03
5.021005e-05
1.468723e-05
4.812113e-06
1.576675e-06
5.163633e-07
1.694110e-07
6.074474e-08
1.990259e-08
6.845278e-09
3.353224e+00
1.171011e+00
3.088403e-01
3.500180e-02
1.039503e-03
4.922632e-05
1.436091e-05
4.744163e-06
1.566109e-06
5.173934e-07
1.713821e-07
5.903775e-08
2.151319e-08
9.589682e-09
3.221699e+00
1.135849e+00
3.063660e-01
3.501494e-02
1.071672e-03
4.873081e-05
1.417673e-05
4.720743e-06
1.571079e-06
5.233229e-07
1.742007e-07
5.829340e-08
1.994302e-08
9.299272e-09
3.104117e+00
1.108058e+00
3.040943e-01
3.504707e-02
1.103127e-03
4.848052e-05
1.412194e-05
4.740203e-06
1.590551e-06
5.334979e-07
1.799025e-07
6.017255e-08
2.042669e-08
7.850065e-09
3.004193e+00
1.087289e+00
3.016241e-01
3.517533e-02
1.133195e-03
4.859885e-05
1.418849e-05
4.799679e-06
1.623725e-06
5.498542e-07
1.857237e-07
6.444421e-08
2.135136e-08
7.589664e-09
2.912261e+00
1.069236e+00
3.005350e-01
3.522865e-02
1.156682e-03
4.899754e-05
1.436954e-05
4.900083e-06
1.671946e-06
5.692797e-07
1.944050e-07
6.731711e-08
2.338815e-08
7.910326e-09
2.827163e+00
1.060459e+00
2.994267e-01
3.535919e-02
1.189452e-03
4.978380e-05
1.467235e-05
5.044048e-06
1.734095e-06
5.956710e-07
2.048639e-07
7.177122e-08
2.565966e-08
1.052706e-08
5.103642e-09
2.761066e+00
1.043514e+00
2.985240e-01
3.543503e-02
1.212113e-03
5.082701e-05
1.509833e-05
5.232630e-06
1.813210e-06
6.280385e-07
2.175247e-07
7.619537e-08
2.686566e-08
1.087727e-08
4.905027e-09
2.697955e+00
1.034942e+00
2.975889e-01
3.558978e-02
1.243177e-03
5.223792e-05
1.565529e-05
5.470973e-06
1.911986e-06
6.678503e-07
2.332232e-07
8.230283e-08
3.050668e-08
1.179611e-08
4.786544e-09
2.645134e+00
1.023467e+00
2.960821e-01
3.567956e-02
1.264632e-03
5.393710e-05
1.636121e-05
5.766469e-06
2.031863e-06
7.155670e-07
2.525101e-07
8.913338e-08
3.258567e-08
1.120574e-08
5.803478e-09
2.591124e+00
1.024177e+00
2.953807e-01
3.573477e-02
1.295205e-03
5.613688e-05
1.724172e-05
6.129930e-06
2.178812e-06
7.742624e-07
2.750414e-07
9.817596e-08
3.478191e-08
1.334777e-08
5.539826e-09
2.553585e+00
1.011926e+00
2.953493e-01
3.579491e-02
1.317413e-03
5.872760e-05
1.831887e-05
6.572229e-06
2.356700e-06
8.450995e-07
3.037728e-07
1.088534e-07
3.910844e-08
1.447812e-08
5.440562e-09
2.513147e+00
1.009768e+00
2.948679e-01
3.590851e-02
1.344984e-03
6.193143e-05
1.964072e-05
7.112201e-06
2.574558e-06
9.321239e-07
3.371231e-07
1.231527e-07
4.413454e-08
1.693984e-08
6.347420e-09
2.483982e+00
1.004376e+00
2.941613e-01
3.601835e-02
1.360638e-03
6.576100e-05
2.125497e-05
7.772573e-06
2.840942e-06
1.038468e-06
3.794124e-07
1.387195e-07
5.071504e-08
1.898858e-08
7.509323e-09
2.452761e+00
1.003849e+00
2.934118e-01
3.607757e-02
1.388867e-03
7.050573e-05
2.324502e-05
8.587447e-06
3.170905e-06
1.171200e-06
4.322906e-07
1.596619e-07
5.889189e-08
2.224123e-08
8.539021e-09
2.434039e+00
1.000988e+00
2.932522e-01
3.606984e-02
1.415502e-03
7.631071e-05
2.570504e-05
9.598467e-06
3.582528e-06
1.337200e-06
4.989745e-07
1.863888e-07
6.957339e-08
2.614412e-08
1.019373e-08
4.183255e-09
2.415054e+00
1.001372e+00
2.931762e-01
3.611062e-02
1.433586e-03
8.349135e-05
2.877752e-05
1.086856e-05
4.102990e-06
1.548692e-06
5.847706e-07
2.205800e-07
8.322647e-08
3.191033e-08
1.188504e-08
4.903284e-09
2.401694e+00
1.002877e+00
2.922512e-01
3.606474e-02
1.459463e-03
9.252209e-05
3.265882e-05
1.248420e-05
4.770075e-06
1.822185e-06
6.961891e-07
2.659285e-07
1.020933e-07
3.876131e-08
1.531250e-08
6.183040e-09
2.390037e+00
1.007646e+00
2.930065e-01
3.613169e-02
1.490863e-03
1.040243e-04
3.763172e-05
1.457162e-05
5.639721e-06
2.182291e-06
8.444476e-07
3.271211e-07
1.265613e-07
4.967965e-08
1.887615e-08
8.149877e-09
2.390045e+00
1.015226e+00
2.922974e-01
3.597344e-02
1.524566e-03
1.187933e-04
4.409344e-05
1.731169e-05
6.793253e-06
2.665162e-06
1.045552e-06
4.102453e-07
1.608784e-07
6.330271e-08
2.476192e-08
1.033846e-08
3.938889e-09
2.392665e+00
1.023539e+00
2.943491e-01
3.600334e-02
1.564300e-03
1.382719e-04
5.265063e-05
2.098270e-05
8.357185e-06
3.328020e-06
1.325133e-06
5.276477e-07
2.101168e-07
8.358316e-08
3.359792e-08
1.336168e-08
5.498408e-09
2.411511e+00
1.035639e+00
2.942149e-01
3.599190e-02
1.613530e-03
1.641220e-04
6.416996e-05
2.599230e-05
1.052155e-05
4.257934e-06
1.723007e-06
6.977044e-07
2.821010e-07
1.143383e-07
4.626237e-08
1.908660e-08
7.814632e-09
2.430677e+00
1.056434e+00
2.979911e-01
3.600129e-02
1.684614e-03
1.994202e-04
8.009150e-05
3.302345e-05
1.360639e-05
5.604452e-06
2.308340e-06
9.505936e-07
3.916886e-07
1.612675e-07
6.655536e-08
2.762792e-08
1.139352e-08
5.452565e-09
2.472088e+00
1.079606e+00
3.024466e-01
3.627901e-02
1.784258e-03
2.484695e-04
1.027205e-04
4.319374e-05
1.814777e-05
7.622096e-06
3.200885e-06
1.344134e-06
5.643988e-07
2.371042e-07
9.958599e-08
4.182904e-08
1.758199e-08
7.499415e-09
2.527702e+00
1.114304e+00
3.078145e-01
3.678310e-02
1.927100e-03
3.199394e-04
1.359683e-04
5.844251e-05
2.509581e-05
1.077211e-05
4.622782e-06
1.983804e-06
8.513466e-07
3.652771e-07
1.567346e-07
6.737193e-08
2.890629e-08
1.243488e-08
5.941612e-09
2.596346e+00
1.160170e+00
3.191430e-01
3.782520e-02
2.148368e-03
4.282188e-04
1.873635e-04
8.256479e-05
3.634217e-05
1.598877e-05
7.032752e-06
3.093101e-06
1.360393e-06
5.981802e-07
2.631325e-07
1.158791e-07
5.134930e-08
2.266436e-08
1.016929e-08
2.707738e+00
1.208871e+00
3.280505e-01
3.920307e-02
2.497360e-03
5.972554e-04
2.698450e-04
1.223966e-04
5.544171e-05
2.509802e-05
1.135857e-05
5.139841e-06
2.325876e-06
1.052249e-06
4.761763e-07
2.154549e-07
9.753982e-08
4.446292e-08
2.034918e-08
9.260448e-09
2.830211e+00
1.271344e+00
3.448053e-01
4.115278e-02
3.027101e-03
8.718014e-04
4.086634e-04
1.918152e-04
8.988767e-05
4.209096e-05
1.970280e-05
9.221147e-06
4.315488e-06
2.019612e-06
9.448595e-07
4.423581e-07
2.068640e-07
9.686611e-08
4.537715e-08
2.144918e-08
2.981723e+00
1.323288e+00
3.592448e-01
4.405861e-02
3.903992e-03
1.322893e-03
6.474750e-04
3.166784e-04
1.545918e-04
7.539726e-05
3.675605e-05
1.791467e-05
8.730529e-06
4.254770e-06
2.073137e-06
1.010057e-06
4.924814e-07
2.400350e-07
1.168935e-07
5.712836e-08
2.787359e-08
3.128351e+00
1.364002e+00
3.761367e-01
4.817391e-02
5.174747e-03
2.066873e-03
1.064444e-03
5.470691e-04
2.805583e-04
1.437240e-04
7.358551e-05
3.766456e-05
1.927563e-05
9.863924e-06
5.047626e-06
2.582735e-06
1.321634e-06
6.763755e-07
3.459304e-07
1.774938e-07
9.054644e-08
4.653946e-08
3.246606e+00
1.396082e+00
3.858964e-01
5.224232e-02
7.050992e-03
3.258393e-03
1.780757e-03
9.705087e-04
5.277151e-04
2.865147e-04
1.555259e-04
8.437792e-05
4.576926e-05
2.482397e-05
1.346273e-05
7.301686e-06
3.959486e-06
2.147525e-06
1.164232e-06
6.316706e-07
3.424264e-07
1.856131e-07
1.012924e-07
5.467291e-08
3.323201e+00
1.420165e+00
3.969080e-01
5.773549e-02
9.670517e-03
5.102326e-03
2.982715e-03
1.738460e-03
1.011010e-03
5.872191e-04
3.408256e-04
1.977363e-04
1.146926e-04
6.651572e-05
3.857290e-05
2.236735e-05
1.296956e-05
7.520635e-06
4.360937e-06
2.528442e-06
1.466390e-06
8.499770e-07
4.931532e-07
2.857331e-07
1.656710e-07
9.602577e-08
3.372790e+00
1.448502e+00
4.113277e-01
6.155842e-02
1.319661e-02
7.780191e-03
4.891508e-03
3.067609e-03
1.920164e-03
1.200561e-03
7.501174e-04
4.684785e-04
2.925067e-04
1.826108e-04
1.139863e-04
7.114702e-05
4.440608e-05
2.771496e-05
1.729758e-05
1.079589e-05
6.737528e-06
4.205245e-06
2.624266e-06
1.638002e-06
1.022045e-06
6.381498e-07
3.980149e-07
2.484462e-07
1.553825e-07
3.445778e+00
1.461511e+00
4.166968e-01
6.643795e-02
1.731918e-02
1.126365e-02
7.628776e-03
5.158527e-03
3.483290e-03
2.350131e-03
1.584747e-03
1.068253e-03
7.199241e-04
4.851012e-04
3.268376e-04
2.201922e-04
1.483379e-04
9.992829e-05
6.731520e-05
4.534569e-05
3.054584e-05
2.057655e-05
1.386050e-05
9.336366e-06
6.289127e-06
4.236742e-06
2.853712e-06
1.922236e-06
1.295315e-06
8.721398e-07
5.873477e-07
3.959838e-07
3.525754e+00
1.456296e+00
4.159644e-01
6.992494e-02
2.149483e-02
1.519055e-02
1.104871e-02
8.031789e-03
5.834621e-03
4.236770e-03
3.075668e-03
2.232360e-03
1.620071e-03
1.175616e-03
8.530410e-04
6.189497e-04
4.490833e-04
3.258282e-04
2.363974e-04
1.715114e-04
1.244339e-04
9.027769e-05
6.549702e-05
4.751875e-05
3.447481e-05
2.501124e-05
1.814582e-05
1.316493e-05
9.550978e-06
6.929295e-06
5.027162e-06
3.647361e-06
2.645836e-06
1.919821e-06
1.392405e-06
1.010710e-06
7.331211e-07
3.585990e+00
1.411076e+00
4.021779e-01
7.243982e-02
2.484720e-02
1.879820e-02
1.458428e-02
1.131288e-02
8.778567e-03
6.811425e-03
5.285311e-03
4.101311e-03
3.182679e-03
2.469897e-03
1.916806e-03
1.487608e-03
1.154536e-03
8.960527e-04
6.954487e-04
5.397609e-04
4.189291e-04
3.251496e-04
2.523642e-04
1.958725e-04
1.520272e-04
1.179963e-04
9.158404e-05
7.108332e-05
5.517221e-05
4.282220e-05
3.323652e-05
2.579751e-05
2.002235e-05
1.554088e-05
1.206238e-05
9.362240e-06
7.266555e-06
5.639958e-06
4.377401e-06
3.397870e-06
2.636960e-06
2.046879e-06
1.588938e-06
1.233054e-06
3.554628e+00
1.345166e+00
3.890976e-01
7.242546e-02
2.649952e-02
2.119241e-02
1.737334e-02
1.424798e-02
1.169212e-02
9.595817e-03
7.879137e-03
6.470938e-03
5.315539e-03
4.366857e-03
3.588400e-03
2.949478e-03
2.424124e-03
1.992536e-03
1.637900e-03
1.346458e-03
1.106925e-03
9.100394e-04
7.481972e-04
6.151525e-04
5.057769e-04
4.158559e-04
3.419269e-04
2.811435e-04
2.311680e-04
1.900773e-04
1.562918e-04
1.285123e-04
1.056706e-04
8.688939e-05
7.144627e-05
5.874822e-05
4.830678e-05
3.972119e-05
3.266185e-05
2.685660e-05
2.208414e-05
1.815904e-05
1.493174e-05
1.227793e-05
1.009579e-05
8.301810e-06
6.826268e-06
5.612928e-06
4.615495e-06
3.795071e-06
3.121048e-06
2.566054e-06
2.110263e-06
1.734893e-06
3.452704e+00
1.268338e+00
3.792253e-01
7.132697e-02
2.614195e-02
2.183385e-02
1.871981e-02
1.605506e-02
1.378920e-02
1.184560e-02
1.017701e-02
8.750808e-03
7.527929e-03
6.475204e-03
5.571592e-03
4.794311e-03
4.126846e-03
3.553166e-03
3.059184e-03
2.634283e-03
2.268612e-03
1.953861e-03
1.682896e-03
1.449596e-03
1.248704e-03
1.075610e-03
9.266594e-04
7.983314e-04
6.877942e-04
5.925759e-04
5.105510e-04
4.398886e-04
3.790108e-04
3.265636e-04
2.813770e-04
2.424450e-04
2.089018e-04
1.800005e-04
1.550992e-04
1.336431e-04
1.151556e-04
9.922614e-05
8.550076e-05
7.367366e-05
6.348327e-05
5.470195e-05
4.713624e-05
4.061583e-05
3.499812e-05
3.015765e-05
2.598682e-05
2.239179e-05
1.929490e-05
1.662662e-05
1.432633e-05
1.234523e-05
1.063761e-05
9.166443e-06
7.898784e-06
6.806141e-06
5.864674e-06
5.053627e-06
4.354744e-06
3.752364e-06
3.233522e-06
2.786170e-06
3.303212e+00
1.216119e+00
3.691644e-01
6.846245e-02
2.408752e-02
2.073417e-02
1.840912e-02
1.636727e-02
1.456557e-02
1.296611e-02
1.154602e-02
1.028713e-02
9.167587e-03
8.173091e-03
7.288170e-03
6.500881e-03
5.799780e-03
5.175258e-03
4.618750e-03
4.122691e-03
3.680390e-03
3.284944e-03
2.933457e-03
2.619557e-03
2.339438e-03
2.089424e-03
1.866251e-03
1.667012e-03
1.488677e-03
1.330056e-03
1.188225e-03
1.061556e-03
9.484224e-04
8.473701e-04
7.571045e-04
6.764698e-04
6.044360e-04
5.400823e-04
4.825882e-04
4.312213e-04
3.853268e-04
3.443209e-04
3.076818e-04
2.749444e-04
2.456923e-04
2.195535e-04
1.961977e-04
1.753266e-04
1.566775e-04
1.400119e-04
1.251202e-04
1.118126e-04
9.992025e-05
8.929372e-05
7.979704e-05
7.131109e-05
6.372697e-05
5.694999e-05
5.089401e-05
4.548154e-05
4.064523e-05
3.632307e-05
3.245998e-05
2.900882e-05
2.592402e-05
2.316726e-05
2.070365e-05
1.850220e-05
1.653499e-05
1.477664e-05
1.320499e-05
1.180140e-05
1.054604e-05
9.425037e-06
8.422593e-06
7.527030e-06
6.726869e-06
6.011565e-06
5.372452e-06
4.800783e-06
4.290422e-06
3.834337e-06
3.134089e+00
1.181035e+00
3.603240e-01
6.590882e-02
2.106155e-02
1.842069e-02
1.681944e-02
1.537150e-02
1.405777e-02
1.285982e-02
1.176873e-02
1.077390e-02
9.865972e-03
9.034617e-03
8.278595e-03
7.584087e-03
6.952892e-03
6.373839e-03
5.844410e-03
5.358846e-03
4.915538e-03
4.509647e-03
4.137301e-03
3.796206e-03
3.483571e-03
3.196968e-03
2.934182e-03
2.693197e-03
2.472172e-03
2.269426e-03
2.083427e-03
1.912771e-03
1.756177e-03
1.612473e-03
1.480588e-03
1.359538e-03
1.248428e-03
1.146433e-03
1.052628e-03
9.667561e-04
8.878427e-04
8.153882e-04
7.488614e-04
6.877751e-04
6.316824e-04
5.801733e-04
5.328717e-04
4.894335e-04
4.495408e-04
4.129046e-04
3.792583e-04
3.483562e-04
3.199755e-04
2.939085e-04
2.699673e-04
2.479781e-04
2.277810e-04
2.092304e-04
1.921911e-04
1.765408e-04
1.621651e-04
1.489610e-04
1.368321e-04
1.256917e-04
1.154582e-04
1.060584e-04
9.742424e-05
8.949281e-05
8.220771e-05
7.551562e-05
6.936814e-05
6.372160e-05
5.853472e-05
5.376985e-05
4.939326e-05
4.537255e-05
4.167964e-05
3.828735e-05
3.517081e-05
3.230791e-05
2.967857e-05
2.726284e-05
2.504395e-05
2.300552e-05
2.113320e-05
1.941323e-05
1.783290e-05
1.638175e-05
1.504835e-05
1.382376e-05
1.269844e-05
1.166527e-05
1.071550e-05
9.843545e-06
9.042379e-06
8.306521e-06
7.630531e-06
7.009541e-06
6.438752e-06
5.915268e-06
5.433228e-06
4.991475e-06
2.985409e+00
1.149645e+00
3.531844e-01
6.267664e-02
1.765006e-02
1.552377e-02
1.447552e-02
1.350674e-02
1.260975e-02
1.177601e-02
1.100047e-02
1.028029e-02
9.607428e-03
8.981640e-03
8.397782e-03
7.850044e-03
7.344233e-03
6.870589e-03
6.428456e-03
6.015613e-03
5.630009e-03
5.269754e-03
4.933771e-03
4.618840e-03
4.324630e-03
4.049522e-03
3.791360e-03
3.551006e-03
3.325883e-03
3.115240e-03
2.918120e-03
2.733535e-03
2.560871e-03
2.399221e-03
2.247881e-03
2.106180e-03
1.973223e-03
1.849092e-03
1.732730e-03
1.623746e-03
1.521664e-03
1.426042e-03
1.336465e-03
1.252547e-03
1.173927e-03
1.100266e-03
1.031249e-03
9.665806e-04
9.059838e-04
8.492007e-04
7.959891e-04
7.461230e-04
6.993915e-04
6.555944e-04
6.145485e-04
5.760788e-04
5.400230e-04
5.062293e-04
4.745545e-04
4.448657e-04
4.170379e-04
3.909539e-04
3.665039e-04
3.435852e-04
3.221021e-04
3.019640e-04
2.830863e-04
2.653905e-04
2.488017e-04
2.332515e-04
2.186737e-04
2.050081e-04
1.921968e-04
1.801871e-04
1.689284e-04
1.583736e-04
1.484786e-04
1.392025e-04
1.305058e-04
1.223532e-04
1.147100e-04
1.075447e-04
1.008266e-04
9.452880e-05
8.862456e-05
8.308876e-05
7.789940e-05
7.303427e-05
6.847232e-05
6.419632e-05
6.018683e-05
5.642826e-05
5.290417e-05
4.960032e-05
4.650272e-05
4.359852e-05
4.087626e-05
3.832344e-05
3.593003e-05
3.368663e-05
3.158317e-05
2.961084e-05
2.776173e-05
2.602819e-05
2.440305e-05
2.287901e-05
2.145065e-05
2.011118e-05
1.885535e-05
1.767794e-05
1.657400e-05
1.553935e-05
1.456906e-05
1.365914e-05
1.280645e-05
1.200671e-05
1.125715e-05
1.055424e-05
9.895203e-06
9.277334e-06
8.698177e-06
8.154809e-06
7.645885e-06
7.168330e-06
6.720931e-06
6.301100e-06
5.907786e-06
2.850642e+00
1.118284e+00
3.475785e-01
5.979813e-02
1.453017e-02
1.262668e-02
1.196178e-02
1.133895e-02
1.075242e-02
1.019716e-02
9.673774e-03
9.178588e-03
8.711248e-03
8.268266e-03
7.848646e-03
7.451216e-03
7.075445e-03
6.719293e-03
6.381284e-03
6.062653e-03
5.759614e-03
5.472500e-03
5.199677e-03
4.940983e-03
4.695547e-03
4.462548e-03
4.241437e-03
4.031401e-03
3.832295e-03
3.642238e-03
3.462854e-03
3.292359e-03
3.130422e-03
2.976596e-03
2.830462e-03
2.691621e-03
2.559697e-03
2.434336e-03
2.315201e-03
2.201975e-03
2.093476e-03
1.991628e-03
1.894408e-03
1.801985e-03
1.714118e-03
1.630578e-03
1.551147e-03
1.475619e-03
1.403652e-03
1.335432e-03
1.270488e-03
1.208725e-03
1.149985e-03
1.093739e-03
1.040743e-03
9.902146e-04
9.421529e-04
8.964369e-04
8.529495e-04
8.115824e-04
7.722308e-04
7.347954e-04
6.991820e-04
6.653022e-04
6.330693e-04
6.024042e-04
5.732294e-04
5.454718e-04
5.190629e-04
4.939358e-04
4.700287e-04
4.472820e-04
4.256384e-04
4.050449e-04
3.854498e-04
3.668050e-04
3.490637e-04
3.321824e-04
3.161185e-04
3.008334e-04
2.862882e-04
2.724477e-04
2.592770e-04
2.467442e-04
2.348179e-04
2.234687e-04
2.126691e-04
2.023913e-04
1.926117e-04
1.833043e-04
1.744478e-04
1.660191e-04
1.579985e-04
1.503652e-04
1.431015e-04
1.361884e-04
1.296103e-04
1.233493e-04
1.173916e-04
1.117216e-04
1.063255e-04
1.011901e-04
9.630361e-05
9.165229e-05
8.722645e-05
8.301381e-05
7.900503e-05
7.519033e-05
7.155903e-05
6.810401e-05
6.481504e-05
6.168570e-05
5.870715e-05
5.587260e-05
5.317479e-05
5.060748e-05
4.816396e-05
4.583865e-05
4.362527e-05
4.151909e-05
3.951484e-05
3.760688e-05
3.579129e-05
3.406352e-05
3.241880e-05
3.085384e-05
2.936423e-05
2.794673e-05
2.659753e-05
2.531361e-05
2.409142e-05
2.292861e-05
2.182167e-05
2.076831e-05
1.976556e-05
1.881125e-05
1.790357e-05
1.703933e-05
1.621631e-05
1.543394e-05
1.468873e-05
1.397964e-05
1.330492e-05
1.266257e-05
1.205143e-05
1.146955e-05
1.091602e-05
1.038907e-05
9.887636e-06
9.410185e-06
8.956078e-06
8.523860e-06
8.111993e-06
7.720973e-06
7.347919e-06
6.993165e-06
6.655825e-06
2.724850e+00
1.101521e+00
3.420059e-01
5.754946e-02
1.201439e-02
1.007579e-02
9.659336e-03
9.264905e-03
8.888489e-03
8.528561e-03
8.184291e-03
7.854901e-03
7.539662e-03
7.237888e-03
6.948933e-03
6.672188e-03
6.407079e-03
6.153065e-03
5.909633e-03
5.676300e-03
5.452596e-03
5.238293e-03
5.032579e-03
4.835284e-03
4.644804e-03
4.463701e-03
4.288851e-03
4.122027e-03
3.961590e-03
3.807197e-03
3.659062e-03
3.517243e-03
3.380988e-03
3.250149e-03
3.124500e-03
3.003825e-03
2.887918e-03
2.776581e-03
2.669627e-03
2.566502e-03
2.467949e-03
2.373105e-03
2.281971e-03
2.193796e-03
2.109737e-03
2.028126e-03
1.950550e-03
1.875878e-03
1.803261e-03
1.734698e-03
1.668395e-03
1.604657e-03
1.543384e-03
1.484476e-03
1.427842e-03
1.373391e-03
1.320902e-03
1.270591e-03
1.222192e-03
1.175654e-03
1.130106e-03
1.087357e-03
1.045993e-03
1.006214e-03
9.679595e-04
9.311693e-04
8.957869e-04
8.617576e-04
8.290293e-04
7.975510e-04
7.672755e-04
7.381549e-04
7.101458e-04
6.832051e-04
6.572913e-04
6.323645e-04
6.083881e-04
5.853246e-04
5.631388e-04
5.417975e-04
5.212679e-04
5.015195e-04
4.825215e-04
4.642461e-04
4.466651e-04
4.297518e-04
4.134808e-04
3.978280e-04
3.827693e-04
3.682822e-04
3.543447e-04
3.409360e-04
3.280362e-04
3.156255e-04
3.036853e-04
2.921975e-04
2.811461e-04
2.705123e-04
2.602825e-04
2.504397e-04
2.409699e-04
2.318589e-04
2.230926e-04
2.146590e-04
2.065439e-04
1.987365e-04
1.912247e-04
1.839968e-04
1.770426e-04
1.703519e-04
1.639140e-04
1.577197e-04
1.517600e-04
1.460254e-04
1.405083e-04
1.351990e-04
1.300912e-04
1.251762e-04
1.204474e-04
1.158969e-04
1.115188e-04
1.073063e-04
1.032537e-04
9.931887e-05
9.557692e-05
9.196679e-05
8.849314e-05
8.515092e-05
8.193483e-05
7.884056e-05
7.586277e-05
7.299792e-05
7.024105e-05
6.758845e-05
6.503631e-05
6.257998e-05
6.021696e-05
5.794324e-05
5.575514e-05
5.364981e-05
5.162379e-05
4.967464e-05
4.779924e-05
4.599403e-05
4.425761e-05
4.258653e-05
4.097863e-05
3.943133e-05
3.794274e-05
3.651004e-05
3.513146e-05
3.380534e-05
3.252886e-05
3.130084e-05
3.011915e-05
2.898204e-05
2.788763e-05
2.683510e-05
2.582176e-05
2.484713e-05
2.390903e-05
2.300636e-05
2.213776e-05
2.130227e-05
2.049779e-05
1.972422e-05
1.897945e-05
1.826305e-05
1.757377e-05
1.691005e-05
1.627169e-05
1.565775e-05
1.506651e-05
1.449769e-05
1.395042e-05
1.342386e-05
1.291725e-05
1.242955e-05
1.196036e-05
1.150864e-05
1.107445e-05
1.065628e-05
1.025405e-05
9.867053e-06
9.494519e-06
9.136160e-06
8.791096e-06
8.459661e-06
8.140087e-06
7.832731e-06
7.537210e-06
7.252511e-06
2.628012e+00
1.082113e+00
3.364509e-01
5.604471e-02
9.993018e-03
7.891767e-03
7.628075e-03
7.381592e-03
7.143565e-03
6.913830e-03
6.689041e-03
6.474994e-03
6.266073e-03
6.065248e-03
5.873477e-03
5.687193e-03
5.506004e-03
5.330587e-03
5.163167e-03
5.000648e-03
4.843515e-03
4.691309e-03
4.543635e-03
4.401847e-03
4.262803e-03
4.130450e-03
4.000441e-03
3.876570e-03
3.756166e-03
3.640127e-03
3.527178e-03
3.418014e-03
3.312345e-03
3.209519e-03
3.110509e-03
3.014640e-03
2.921092e-03
2.831496e-03
2.744284e-03
2.660139e-03
2.578515e-03
2.499459e-03
2.421815e-03
2.348166e-03
2.276332e-03
2.206745e-03
2.139330e-03
2.074018e-03
2.010144e-03
1.949001e-03
1.889607e-03
1.832056e-03
1.776289e-03
1.722247e-03
1.669877e-03
1.619124e-03
1.569938e-03
1.522268e-03
1.476066e-03
1.431286e-03
1.387883e-03
1.345616e-03
1.304654e-03
1.265218e-03
1.226910e-03
1.189774e-03
1.153779e-03
1.118880e-03
1.085050e-03
1.052252e-03
1.020455e-03
9.896290e-04
9.597422e-04
9.307661e-04
9.026721e-04
8.754335e-04
8.490232e-04
8.234161e-04
7.985872e-04
7.745121e-04
7.511684e-04
7.285331e-04
7.065841e-04
6.853007e-04
6.646135e-04
6.446264e-04
6.252192e-04
6.064008e-04
5.881520e-04
5.704552e-04
5.532938e-04
5.366510e-04
5.205117e-04
5.048597e-04
4.896806e-04
4.749601e-04
4.606837e-04
4.468320e-04
4.334074e-04
4.203852e-04
4.078916e-04
3.955734e-04
3.836920e-04
3.721686e-04
3.609924e-04
3.501532e-04
3.396402e-04
3.294439e-04
3.195548e-04
3.099632e-04
3.006603e-04
2.916375e-04
2.828860e-04
2.743978e-04
2.661652e-04
2.581799e-04
2.504347e-04
2.429227e-04
2.356363e-04
2.285688e-04
2.217139e-04
2.150651e-04
2.086157e-04
2.023603e-04
1.962930e-04
1.904076e-04
1.846991e-04
1.791621e-04
1.737911e-04
1.685818e-04
1.635284e-04
1.586270e-04
1.538728e-04
1.492610e-04
1.447877e-04
1.404486e-04
1.362400e-04
1.321573e-04
1.281973e-04
1.243560e-04
1.206300e-04
1.170157e-04
1.135098e-04
1.101091e-04
1.068104e-04
1.036105e-04
1.005066e-04
9.749583e-05
9.457545e-05
9.174234e-05
8.899421e-05
8.632856e-05
8.374291e-05
8.123465e-05
7.880156e-05
7.644142e-05
7.415204e-05
7.193120e-05
6.977713e-05
6.768726e-05
6.566020e-05
6.369382e-05
6.178660e-05
5.993624e-05
5.814148e-05
5.640036e-05
5.471151e-05
5.307326e-05
5.148401e-05
4.994244e-05
4.844709e-05
4.699637e-05
4.558930e-05
4.422419e-05
4.290011e-05
4.161565e-05
4.036969e-05
3.916090e-05
3.798859e-05
3.685116e-05
3.574774e-05
3.467764e-05
3.363946e-05
3.263228e-05
3.165540e-05
3.070764e-05
2.978837e-05
2.889655e-05
2.803148e-05
2.719235e-05
2.637816e-05
2.558862e-05
2.482260e-05
2.407943e-05
2.335863e-05
2.265938e-05
2.198099e-05
2.132310e-05
2.068471e-05
2.006568e-05
1.946483e-05
1.888228e-05
1.831700e-05
1.776864e-05
1.723676e-05
1.672079e-05
1.622042e-05
1.573474e-05
1.526380e-05
1.480682e-05
1.436368e-05
1.393376e-05
1.351662e-05
1.311208e-05
1.271962e-05
1.233876e-05
1.196948e-05
1.161122e-05
1.126368e-05
1.092642e-05
1.059945e-05
1.028228e-05
9.974397e-06
9.675954e-06
9.386173e-06
9.105340e-06
8.832848e-06
8.568282e-06
8.311983e-06
8.063185e-06
7.821845e-06
2.525396e+00
1.070947e+00
3.331506e-01
5.403752e-02
8.354028e-03
6.124666e-03
5.957184e-03
5.803339e-03
5.652872e-03
5.506136e-03
5.365582e-03
5.226631e-03
5.092209e-03
4.961488e-03
4.834352e-03
4.710689e-03
4.590393e-03
4.473360e-03
4.359490e-03
4.248690e-03
4.140865e-03
4.035928e-03
3.933522e-03
3.834162e-03
3.737390e-03
3.643180e-03
3.551046e-03
3.461877e-03
3.374924e-03
3.290250e-03
3.207246e-03
3.127035e-03
3.048829e-03
2.972654e-03
2.898455e-03
2.826175e-03
2.755124e-03
2.686612e-03
2.619793e-03
2.554690e-03
2.491257e-03
2.429080e-03
2.369405e-03
2.310492e-03
2.253295e-03
2.197554e-03
2.143229e-03
2.090282e-03
2.038677e-03
1.988377e-03
1.939348e-03
1.891557e-03
1.844971e-03
1.798997e-03
1.754889e-03
1.711739e-03
1.669370e-03
1.628396e-03
1.588417e-03
1.549438e-03
1.511433e-03
1.474020e-03
1.438068e-03
1.402842e-03
1.368493e-03
1.334998e-03
1.302336e-03
1.270486e-03
1.239426e-03
1.209137e-03
1.179598e-03
1.150791e-03
1.122697e-03
1.095298e-03
1.068576e-03
1.042512e-03
1.017094e-03
9.922215e-04
9.680658e-04
9.444830e-04
9.214810e-04
8.990449e-04
8.772063e-04
8.556056e-04
8.348121e-04
8.145063e-04
7.946995e-04
7.753788e-04
7.565318e-04
7.381470e-04
7.202127e-04
7.027177e-04
6.855958e-04
6.689657e-04
6.527251e-04
6.368819e-04
6.214259e-04
6.063213e-04
5.916218e-04
5.772716e-04
5.632719e-04
5.496137e-04
5.362890e-04
5.232890e-04
5.106064e-04
4.982328e-04
4.861606e-04
4.743828e-04
4.628916e-04
4.516804e-04
4.407422e-04
4.300699e-04
4.196576e-04
4.094984e-04
3.995863e-04
3.899152e-04
3.804793e-04
3.712726e-04
3.622898e-04
3.535158e-04
3.449671e-04
3.366231e-04
3.284816e-04
3.205379e-04
3.127870e-04
3.052241e-04
2.978448e-04
2.906443e-04
2.836186e-04
2.767632e-04
2.700741e-04
2.635473e-04
2.571784e-04
2.509639e-04
2.449002e-04
2.389832e-04
2.332096e-04
2.275759e-04
2.220787e-04
2.167144e-04
2.114803e-04
2.063727e-04
2.013887e-04
1.965255e-04
1.917798e-04
1.871492e-04
1.826304e-04
1.782212e-04
1.739183e-04
1.697197e-04
1.656059e-04
1.616146e-04
1.577136e-04
1.539069e-04
1.501922e-04
1.465672e-04
1.430301e-04
1.395783e-04
1.362100e-04
1.329231e-04
1.297156e-04
1.265857e-04
1.235314e-04
1.205509e-04
1.176422e-04
1.148041e-04
1.120344e-04
1.093315e-04
1.066941e-04
1.041203e-04
1.016086e-04
9.915780e-05
9.676591e-05
9.443176e-05
9.215404e-05
8.993151e-05
8.776254e-05
8.564569e-05
8.358024e-05
8.156448e-05
7.959747e-05
7.767797e-05
7.580468e-05
7.397665e-05
7.219271e-05
7.045196e-05
6.875306e-05
6.709517e-05
6.547742e-05
6.389858e-05
6.235804e-05
6.085429e-05
5.938710e-05
5.795525e-05
5.655799e-05
5.519443e-05
5.386357e-05
5.256514e-05
5.129787e-05
5.006105e-05
4.885424e-05
4.767641e-05
4.652712e-05
4.540538e-05
4.431110e-05
4.324261e-05
4.220040e-05
4.118302e-05
4.019039e-05
3.922140e-05
3.827607e-05
3.735348e-05
3.645309e-05
3.557428e-05
3.471701e-05
3.388004e-05
3.306339e-05
3.226660e-05
3.148871e-05
3.072977e-05
2.998917e-05
2.926634e-05
2.856086e-05
2.787258e-05
2.720077e-05
2.654516e-05
2.590532e-05
2.528113e-05
2.467170e-05
2.407713e-05
2.349687e-05
2.293052e-05
2.237794e-05
2.183857e-05
2.131215e-05
2.079876e-05
2.029723e-05
1.980819e-05
1.933096e-05
1.886496e-05
1.841034e-05
1.796656e-05
1.753368e-05
1.711115e-05
1.669876e-05
1.629643e-05
1.590360e-05
1.552035e-05
1.514631e-05
1.478133e-05
1.442509e-05
1.407745e-05
1.373829e-05
1.340718e-05
1.308409e-05
1.276889e-05
1.246104e-05
1.216080e-05
1.186783e-05
1.158165e-05
1.130266e-05
1.103044e-05
1.076437e-05
1.050536e-05
1.025184e-05
1.000495e-05
9.763764e-06
9.528501e-06
9.299081e-06
9.074800e-06
8.856272e-06
8.642698e-06
8.434476e-06
8.231305e-06
8.032928e-06
