3.313377e+04
7.839985e+04
2.114763e+05
5.734982e+05
1.547483e+06
4.153576e+06
1.136809e+07
3.107479e+07
7.915439e+07
2.086680e+08
5.480017e+08
1.399394e+09
3.446564e+09
8.276068e+09
1.860857e+10
4.175272e+10
9.976624e+10
2.551005e+11
6.689951e+11
1.715897e+12
4.356212e+12
1.098116e+13
2.515024e+13
3.590827e+13
2.972970e+13
1.297969e+13
4.821997e+13
6.563133e+13
4.645136e+14
2.526993e+13
1.272243e+13
5.966064e+12
2.317845e+12
1.597670e+12
8.803000e+11
5.149697e+11
2.424829e+11
1.122148e+11
7.415862e+10
2.630373e+10
2.715744e+10
3.438282e+10
3.868953e+10
2.020061e+10
2.790794e+09
3.077976e+10
1.449736e+10
5.203280e+09
2.111939e+09
6.966070e+08
2.409059e+08
8.694856e+07
3.591521e+07
1.272013e+07
4.453886e+06
2.202778e+06
8.390291e+05
2.671608e+05
2.217180e+05
8.288744e+04
1.789257e+04
2.202826e+04
1.172607e+04
6.779116e+03
2.818198e+03
1.053983e+03
3.844083e+02
1.428435e+02
5.108379e+01
1.886723e+01
6.948437e+00
2.370543e+00
8.162745e-01
2.497956e-01
5.774895e-02
1.136598e-02
7.338190e-03
7.011979e-03
6.819315e-03
1.301253e-02
6.358223e-03
1.144525e-02
1.530505e-04
7.754479e-03
6.801499e-03
6.105157e-03
9.448030e-03
3.882002e-03
8.182800e-03
1.002856e-02
2.921992e-02
2.047629e-02
7.634009e-03
3.093778e-03
1.002867e-04
1.105827e-02
1.626179e-02
7.160687e-03
6.145723e-03
6.272298e-03
5.007740e-03
1.086840e-02
1.673108e-03
2.030171e-02
1.744789e-02
6.033230e-03
1.583575e-03
6.380453e-03
8.176139e-03
2.089913e-02
2.287498e-03
3.931345e-03
1.610469e-02
1.632905e-02
9.869631e-03
2.076745e-02
5.149247e-03
1.488114e-02
5.262017e-03
5.877499e-03
3.324151e-03
4.846115e-03
4.745629e-03
5.595664e-03
5.516128e-03
2.941772e-03
2.818028e-03
1.854780e-02
1.559711e-03
5.350938e-03
6.686926e-03
1.311289e-02
7.102466e-03
8.689778e-03
1.126150e-02
5.038285e-03
1.861053e-02
2.288221e-03
1.924838e-02
5.391272e-03
2.052344e-02
7.574257e-03
3.364618e-04
9.147795e-03
7.380155e-03
1.708085e-03
1.358368e-02
1.095132e-02
2.576188e-03
1.107147e-02
7.018518e-06
7.808387e+01
9.191631e+01
9.592211e+01
9.741885e+01
1.010408e+02
1.064918e+02
1.024471e+02
9.484037e+01
8.389616e+01
7.173078e+01
6.023479e+01
5.005839e+01
4.122980e+01
3.295687e+01
2.544740e+01
1.846488e+01
1.252062e+01
8.046377e+00
5.026190e+00
3.187969e+00
2.176292e+00
1.495958e+00
1.044670e+00
7.641757e-01
5.552623e-01
4.215896e-01
3.226988e-01
2.451117e-01
2.019353e-01
1.902536e-01
1.708940e-01
1.576601e-01
1.538806e-01
1.495047e-01
1.443079e-01
1.212388e-01
1.151791e-01
1.130411e-01
1.046343e-01
1.055401e-01
9.918126e-02
8.555744e-02
6.451982e-02
7.333012e-02
5.443722e-02
4.224590e-02
3.708552e-02
4.042065e-02
3.010883e-02
2.391930e-02
2.432800e-02
2.381904e-02
2.624500e-02
3.097551e-03
1.060926e-02
2.204566e-03
6.717290e-03
5.687816e-03
1.528047e-02
1.558691e-03
1.836296e-02
5.581064e-03
1.447822e-02
2.677885e-02
3.991559e-03
1.497810e-02
6.146841e-03
4.515976e-03
9.733789e-05
1.206780e-03
8.086792e-03
7.379781e-03
1.012225e-02
1.491947e-02
1.281136e-03
2.461155e-02
1.737357e-02
7.491185e-03
8.958619e-03
1.759857e-02
3.522909e-02
2.443116e-02
1.780950e-04
1.910503e-02
1.648254e-02
1.322283e-03
2.094773e-02
5.741104e-03
2.462733e-02
2.607268e-02
1.172414e-02
8.156531e-04
2.927638e-03
1.830311e-02
2.067362e-02
3.452308e-03
1.868408e-02
1.679118e-02
2.075169e-03
2.876595e-03
1.112322e-03
2.735324e-03
1.111739e-02
1.742788e-03
3.049986e-03
1.276296e-02
1.018467e-02
1.539719e-02
3.475940e-03
2.542482e-02
2.572589e-02
3.262772e-03
1.972279e-02
4.452925e-03
1.714657e-03
4.078605e-03
6.710369e-03
2.803594e-03
9.169321e-03
1.634507e-02
9.441939e-03
1.185082e-02
7.262353e-03
2.201042e-03
1.398063e-02
1.317200e-02
8.241496e-03
2.575342e-03
1.969219e-02
3.688395e-03
1.954711e-02
1.075285e-02
1.587870e-02
9.380785e-03
1.188000e-02
4.865252e-03
1.777622e-02
1.653546e-02
3.889096e-03
9.432210e-03
2.103203e-02
1.325407e-02
4.509574e-03
4.571872e-03
2.510242e-03
1.523528e-02
2.465459e-03
1.418313e-02
1.697112e-02
3.562685e-03
1.350375e-02
1.398032e-02
1.422345e-02
1.094268e-02
3.374168e-03
4.676135e-03
1.578386e-02
9.440701e-03
1.627175e-02
3.193259e-02
7.019280e-03
1.717733e-02
8.183202e-03
2.122001e-02
1.513968e-02
3.474017e-03
1.094186e-02
3.325312e-02
1.623705e-02
2.320355e-02
1.655861e-02
2.432136e-03
3.336906e-03
1.090330e-02
5.967496e-03
2.331039e-03
1.705689e-02
2.230599e-02
3.845440e-03
1.987193e-02
1.979275e-02
3.826489e-02
1.536119e-02
1.450636e-02
3.104972e-02
2.656369e-02
1.631713e-02
5.550429e-03
1.072732e-02
2.358740e-02
2.128275e-02
3.279323e-02
1.441585e-02
3.684669e-03
1.226778e-02
1.308183e-02
1.747581e-02
2.043093e-04
1.618050e-02
8.407060e-03
3.189632e-02
1.163416e-02
2.387556e-02
8.558079e-03
2.015893e-02
1.606702e-02
2.032089e-02
3.537979e-03
1.605025e-02
6.505981e-03
7.573552e-03
2.494934e-02
9.595604e-03
1.144919e-03
1.189460e-02
8.224241e-03
5.254692e-03
4.809860e-03
8.931220e-03
6.371123e-03
2.992978e-03
1.063089e-02
8.904262e-03
4.567749e-03
1.656945e-03
5.910830e-03
7.699711e-04
4.336370e-03
1.861071e-03
1.393492e-03
1.178580e-02
9.709067e-03
6.792822e-03
7.319624e-03
1.540966e-02
1.744878e-03
9.698028e-03
2.119696e-02
4.056306e-03
1.415192e-02
3.001035e-04
1.509510e-02
9.302092e-03
3.999186e-02
1.457289e-02
1.130816e-02
4.597387e-04
6.092698e-03
5.791027e-03
1.577937e-03
6.897895e-03
6.390469e-03
6.670012e-03
3.299967e-03
4.445917e-03
6.700113e-03
2.157007e-02
4.164605e-03
2.488855e-03
3.988290e-02
2.325875e-02
5.720488e-03
2.595451e-02
8.365444e-03
8.847787e-03
2.240303e-03
1.554493e-02
8.808493e-03
1.050914e-02
1.724778e-02
1.084884e-02
1.949399e-02
8.091222e-03
1.979698e-03
3.037673e-02
9.329346e-03
3.993738e-02
5.571358e-03
2.086303e-02
1.745296e-02
1.047659e-02
2.648029e-02
3.896996e-03
9.144634e-03
1.692317e-02
2.298436e-02
1.798303e-02
5.653392e-03
5.024700e-04
3.464631e-02
2.174424e-02
3.973427e-03
8.258181e-03
3.224475e-02
1.905329e-02
6.931677e-04
2.195442e-02
2.855607e-03
2.701770e-02
7.758755e-03
5.525838e-03
1.775068e-02
1.239801e-02
1.999919e-03
2.546468e-02
1.346382e-02
2.097596e-02
4.717752e-03
9.496388e-03
2.334098e-02
1.998330e-03
6.397521e-03
1.419819e-02
2.950830e-03
1.378093e-02
3.349930e-02
1.271309e-02
8.145860e-03
2.822363e-02
2.468925e-02
5.988235e-03
7.072046e-03
1.663429e-02
9.656366e-04
5.244694e-03
1.115238e-02
2.528783e-03
1.248680e-02
3.139201e-03
1.443307e-02
3.224490e-03
1.820454e-02
1.571133e-02
2.140108e-02
1.147916e-02
2.773912e-02
1.498857e-02
1.349187e-02
4.459076e-03
1.868707e-02
2.027271e-02
1.011134e-02
1.841522e-02
2.729536e-02
1.731606e-02
3.983717e-03
1.025004e-02
4.257195e-04
4.387545e-03
1.131942e-02
6.024879e-03
1.027283e-02
3.201466e-02
3.928860e-02
3.521083e-02
4.961674e-03
4.070260e-03
8.242483e-03
1.076508e-02
5.240081e-03
3.063041e-03
7.356798e-03
1.297325e-02
2.048595e-02
1.997021e-03
1.291153e-02
2.794726e-02
2.894136e-03
1.662259e-02
2.459281e-03
5.079064e-03
2.279433e-02
4.342819e-03
3.077482e-02
3.747450e-03
1.725552e-02
1.328169e-02
1.323450e-02
2.554187e-03
7.430618e-03
7.752744e-03
5.683790e-03
6.523517e-03
2.628767e-02
1.789914e-02
1.986783e-04
2.351175e-02
2.895038e-03
8.605775e-03
2.129790e-03
4.762256e-03
1.090199e-03
1.452205e-02
2.326818e-02
1.749181e-03
5.576233e-03
2.581642e-02
4.231104e-03
1.432776e-02
2.509994e-02
7.027502e-03
2.354235e-02
1.977465e-02
1.005368e-02
7.195466e-04
2.367670e-02
8.225573e-03
2.943283e-02
1.323645e-02
1.451459e-02
6.717947e-03
3.410843e-02
4.264876e-03
2.446608e-02
1.955042e-02
2.890266e-02
4.266858e-02
1.953761e-02
4.443239e-03
1.755950e-02
8.586386e-04
2.874429e-02
1.534474e-02
9.108420e-03
2.888228e-02
1.913351e-02
5.919659e-03
5.183063e-03
5.438195e-03
1.210943e-03
3.081363e-03
9.778248e-03
1.619754e-02
5.308744e-03
1.875937e-02
5.614590e-03
1.642135e-02
4.422108e-03
3.398015e-02
3.724237e-02
1.379332e-02
4.206225e-02
1.697778e-02
2.286467e-02
2.136467e-02
4.364484e-03
1.194893e-02
1.136037e-02
1.101303e-02
4.803791e-03
1.089047e-02
1.570986e-02
1.265395e-02
5.562507e-04
1.573827e-02
2.981400e-02
2.665437e-02
9.637293e-03
5.917957e-03
1.055594e-02
4.699800e-03
8.947415e-03
6.511942e-03
1.067671e-02
1.072688e-02
1.668566e-02
2.781223e-02
1.422096e-02
1.131175e-02
2.153515e-02
3.543067e-02
1.210580e-02
3.906820e-03
2.195789e-02
3.581429e-02
2.104370e-02
1.376893e-02
3.497864e-02
7.559001e-03
2.536537e-02
1.727901e-02
1.653317e-02
8.805063e-03
5.064491e-03
3.440153e-03
2.707428e-02
3.079187e-02
1.335722e-02
6.255462e-03
5.572335e-03
1.124098e-02
2.509253e-03
2.403124e-02
7.914392e-03
4.383393e-03
3.401182e-02
1.019546e-02
2.835034e-02
2.818571e-02
1.029735e-02
2.092680e-02
1.303353e-02
3.627884e-02
2.876894e-02
6.005650e-03
2.646987e-02
2.902155e-02
1.648146e-03
2.053910e-02
9.906033e-03
1.863013e-02
4.288685e-03
6.650637e-03
6.621539e-03
2.235944e-02
5.877460e-03
1.917124e-02
9.287262e-03
2.058924e-02
7.269371e-03
2.164688e-03
1.174727e-02
3.847430e-03
1.001302e-03
2.949779e-02
1.787850e-02
6.791315e-03
3.133526e-03
1.385866e-02
1.727135e-02
7.443473e-03
6.123425e-03
1.408493e-02
8.142496e-03
5.828618e-03
2.324786e-02
1.013494e-03
2.415004e-02
6.569739e-03
1.871806e-02
1.350898e-02
1.473004e-02
9.696283e-03
1.412437e-02
1.380199e-02
2.955371e-02
2.271359e-02
7.361517e-03
1.310819e-03
2.364737e-02
9.652044e-03
1.361208e-02
6.132415e-03
1.700361e-02
1.946729e-02
1.452748e-02
1.959234e-03
9.529297e-03
2.880718e-02
1.158670e-03
9.075531e-04
2.039332e-02
1.454134e-02
1.922488e-03
1.777564e-02
7.361787e-03
2.012372e-02
1.521007e-02
1.882358e-02
3.802292e-02
2.035634e-02
1.418708e-02
4.056183e-03
2.277291e-02
1.645122e-03
2.297438e-02
1.853440e-02
1.935469e-02
1.597493e-02
1.196379e-02
8.292505e-03
5.830967e-03
5.158478e-03
3.533310e-03
6.104757e-03
1.772439e-03
5.260863e-03
4.513453e-03
2.683000e-03
1.547642e-02
4.031443e-03
2.192202e-02
4.754163e-03
1.658936e-02
4.197964e-03
1.430733e-02
6.445651e-03
1.177031e-02
2.090119e-02
9.314962e-03
1.738555e-02
7.765819e-03
3.025195e-02
2.694260e-02
3.526217e-02
4.372398e-03
5.453221e-03
8.600820e-03
1.241139e-02
7.064712e-03
4.986929e-03
2.938107e-02
3.408858e-02
3.403225e-02
4.600528e-03
3.566549e-02
2.424952e-02
1.178345e-02
3.593985e-03
1.265268e-02
8.784318e-03
9.731961e-03
1.107137e-02
2.154274e-03
1.303138e-03
4.190171e-03
2.889046e-03
4.832292e-03
1.772125e-03
5.323014e-04
2.051367e-03
5.876527e-03
5.331671e-03
1.975571e-02
7.448040e-03
3.188960e-02
1.669162e-02
2.852400e-03
1.798462e-02
2.005431e-02
2.421455e-02
3.538306e-02
1.227049e-02
1.603614e-02
6.470637e-03
3.301197e-03
1.466532e-02
9.061892e-03
2.472140e-02
6.299890e-03
1.138917e-02
1.764072e-02
2.472930e-02
8.771970e-03
1.787762e-04
2.301699e-02
7.105507e-04
9.384573e-03
7.393332e-03
8.518477e-03
3.018601e-02
1.422980e-02
2.125684e-02
4.973937e-03
3.299496e-02
3.114388e-02
2.697174e-02
3.173762e-02
1.918870e-02
4.720911e-03
2.333853e-02
2.499382e-02
1.381208e-02
2.343102e-02
2.267291e-02
1.347391e-02
4.191789e-03
3.347458e-02
1.046038e-02
3.546825e-03
3.393905e-04
3.656447e-03
7.108087e-03
1.759881e-02
2.335193e-02
2.977094e-02
1.952229e-02
7.522300e-03
1.014781e-02
1.496838e-02
6.005910e-03
8.346430e-03
8.166728e-03
2.214216e-02
2.364550e-03
2.867816e-02
4.639577e-03
2.278620e-02
8.297766e-03
2.163318e-02
9.678500e-03
1.938150e-02
3.095457e-02
3.621502e-03
1.771067e-03
2.099539e-02
1.148142e-03
1.049273e-02
1.733446e-02
1.305672e-02
3.569969e-03
2.788171e-02
1.781044e-02
1.067975e-03
5.630069e-03
1.224263e-02
3.236804e-03
9.702080e-03
5.309155e-03
6.156174e-05
4.251884e-04
2.689629e-02
9.439545e-03
3.454311e-04
6.879291e-03
2.233739e-02
1.549846e-02
5.114652e-03
5.354073e-03
3.993863e-03
2.494404e-02
2.699756e-02
2.041686e-02
3.110953e-02
2.252826e-02
2.043820e-02
2.347377e-02
2.100372e-02
1.030504e-02
6.233864e-03
1.521364e-02
2.119454e-02
3.117057e-03
2.049704e-02
2.935698e-03
8.027263e-03
1.632426e-02
3.346527e-02
1.920432e-02
1.144742e-02
3.171545e-02
2.138323e-02
7.403643e-04
1.636566e-02
9.351770e-03
5.493462e-03
3.659982e-03
5.945382e-03
2.398601e-03
2.950554e-02
1.844467e-02
2.668596e-02
1.907050e-02
5.077419e-04
1.627834e-02
9.813088e-03
9.853186e-03
2.586299e-02
1.979618e-02
4.589883e-03
2.408909e-02
7.475388e-03
1.992436e-02
1.407964e-02
2.146606e-02
8.835558e-03
2.933751e-02
5.648074e-04
7.971079e-03
2.371879e-02
1.379257e-02
1.027795e-02
2.731953e-02
7.650496e-03
1.879236e-02
2.518181e-02
3.583044e-02
3.543068e-03
1.396135e-02
7.126301e-03
2.882463e-02
7.655139e-03
9.857522e-03
1.927471e-02
1.875949e-02
2.616782e-02
2.324572e-02
1.668321e-03
4.373230e-03
1.667339e-02
1.479616e-02
3.209506e-03
1.099999e-02
1.736871e-02
7.894955e-04
6.668395e-03
1.756584e-02
2.289348e-02
4.829240e-03
1.823623e-02
1.532719e-02
1.327211e-02
4.242757e-03
1.828896e-03
2.194110e-03
7.277772e-03
2.258509e-02
6.894769e-03
5.781008e-03
1.285762e-02
8.336015e-03
3.355142e-03
4.989693e-03
4.149255e-03
2.096348e-02
6.523325e-03
1.813520e-03
1.432610e-02
1.533446e-02
3.635445e-02
1.646280e-02
7.849495e-03
2.006268e-02
8.510768e-03
9.135529e-03
1.184439e-02
1.133004e-02
3.170365e-02
2.999579e-02
6.991710e-03
1.209008e-03
1.302592e-02
1.900083e-02
2.801299e-03
2.027044e-02
1.982558e-04
1.443655e-02
9.207299e-03
2.566271e-02
2.135263e-02
1.541213e-02
1.142294e-02
1.246887e-02
7.890699e-03
1.313994e-03
3.014841e-02
2.036898e-02
1.090352e-02
1.263913e-02
2.436073e-02
1.692872e-02
3.073180e-03
3.945635e-03
2.529633e-02
9.202279e-03
1.830988e-03
1.076261e-03
6.453108e-03
1.327377e-02
1.162674e-03
3.160076e-02
1.347283e-02
5.155544e-03
1.007653e-02
5.498901e-03
1.072647e-02
5.276182e-03
1.443395e-03
5.744819e-03
1.331902e-02
2.768882e-02
4.910970e-03
2.671535e-03
3.520077e-03
9.985110e-04
2.401703e-02
3.009339e-02
2.449199e-02
2.801519e-03
2.739611e-02
1.362727e-02
8.169504e-03
7.970645e-03
6.256977e-03
9.224365e-04
2.032877e-02
1.250504e-02
2.665221e-02
1.144720e-02
4.920381e-03
1.167166e-02
9.428087e-04
3.822339e-03
9.906534e-03
5.481770e-03
7.321838e-04
1.693138e-02
1.944130e-02
1.560670e-02
2.407516e-02
2.547542e-02
9.319381e-03
7.689059e-03
4.523756e-02
1.792793e-02
1.598690e-02
5.824787e-03
2.651362e-03
4.748467e-03
8.482408e-03
4.080899e-03
1.446132e-02
4.831199e-03
9.250639e-03
8.703395e-03
2.846715e-02
2.686079e-02
2.982819e-03
1.601756e-02
2.503391e-02
1.528531e-02
5.539105e-03
4.087673e-02
1.317879e-02
3.063279e-02
3.921784e-03
6.013693e-03
2.407215e-02
4.128611e-04
1.251501e-02
9.588415e-03
7.812136e-03
1.123253e-02
3.586605e-03
2.584763e-02
4.481830e-03
1.141914e-02
1.935550e-02
1.801511e-02
1.687427e-02
2.565701e-02
8.909078e-03
4.493554e-03
4.288677e-03
2.787117e-02
3.134519e-02
1.225843e-02
1.781387e-02
1.700805e-02
9.925142e-03
1.000779e-02
1.240145e-02
1.796755e-03
9.455479e-03
3.904300e-02
2.608214e-02
2.620901e-02
1.897679e-02
3.990211e-03
1.669830e-02
1.956759e-02
4.075742e-03
2.336379e-03
1.582193e-02
5.571317e-05
6.521766e-03
3.392984e-03
3.197710e-02
2.625590e-02
2.608265e-02
4.269990e-03
1.076958e-02
1.025327e-02
5.987315e-03
8.605985e-03
1.970450e-02
1.905385e-03
6.558622e-03
2.255609e-02
1.100616e-02
1.302610e-02
2.674350e-02
4.339673e-03
1.599029e-02
6.567047e-03
1.680237e-02
3.800641e-02
1.757925e-02
1.075464e-02
6.068664e-03
2.627559e-02
1.611220e-02
9.706080e-05
9.892530e-03
4.581707e-02
1.762763e-02
2.462727e-02
1.627754e-02
3.580742e-03
2.422071e-03
1.408042e-02
1.094979e-02
1.417957e-02
1.680522e-02
2.308171e-02
3.667771e-03
3.370694e-02
2.052058e-02
1.014534e-02
2.268331e-02
2.172844e-02
2.407144e-02
1.599625e-02
1.654109e-02
5.407007e-03
1.276927e-02
7.233017e-03
7.714074e-03
1.224678e-03
1.818513e-03
1.305630e-02
2.219723e-03
1.420453e-02
2.509266e-02
2.493851e-02
2.206239e-02
1.733956e-03
2.064406e-02
3.371562e-02
5.772976e-03
2.228772e-02
3.320147e-02
2.198555e-02
2.062785e-02
1.179528e-02
1.812224e-03
5.030086e-03
9.002344e-03
7.194923e-03
1.557100e-02
5.181140e-03
2.931366e-03
3.951267e-02
8.754797e-03
3.124920e-02
2.618707e-03
2.233053e-02
1.423954e-02
2.260813e-02
6.011779e-03
6.576212e-03
1.856217e-02
2.697127e-02
3.911522e-03
2.859402e-02
2.121026e-02
7.151827e-03
9.479479e-03
3.606687e-02
3.309327e-03
4.374456e-03
2.541458e-02
5.787388e-03
1.305261e-02
1.301408e-02
5.522748e-03
1.758019e-02
2.282782e-02
2.627926e-03
1.392057e-05
1.830026e-02
6.858749e-03
2.519763e-03
2.339325e-02
2.565596e-02
2.958489e-02
4.763683e-03
1.438056e-02
1.472250e-02
7.856176e-03
9.576323e-04
1.395259e-02
1.404201e-03
2.197803e-02
6.124554e-03
1.437369e-02
1.611062e-02
2.310529e-03
2.456803e-03
1.824021e-02
4.931912e-03
2.705239e-03
1.375867e-02
3.161855e-02
8.789663e-03
8.767593e-03
1.505847e-02
1.849378e-02
2.928273e-03
1.275201e-02
2.429371e-02
1.800353e-03
7.195460e-03
3.130050e-02
9.694114e-03
1.818936e-03
3.508872e-03
5.659993e-04
5.582483e-03
2.141686e-02
3.787394e-03
8.932725e-03
4.838399e-03
2.948903e-02
2.536532e-02
1.215815e-02
1.000934e-02
9.863950e-03
1.641641e-02
1.984132e-02
2.428476e-03
3.993028e-03
8.650664e-03
3.162593e-02
8.799407e-03
8.916752e-03
3.759362e-04
2.845276e-02
1.449911e-02
2.299878e-02
3.444876e-03
3.138155e-03
1.546807e-02
3.009399e-02
1.222612e-02
1.727302e-02
1.011962e-02
2.684387e-02
8.739071e-05
4.393231e-04
2.304460e-02
1.641939e-02
2.257850e-02
2.043803e-02
1.779886e-02
5.814356e-03
3.687984e-03
3.584498e-02
2.821969e-03
1.912320e-03
2.027945e-02
1.701767e-02
2.257483e-02
9.115023e-03
7.361663e-03
5.291731e-03
1.594321e-02
3.742393e-02
1.852427e-02
1.618767e-02
3.573401e-03
4.818448e-03
8.803186e-03
1.287648e-02
1.254424e-02
3.603511e-03
4.701177e-03
1.083774e-02
2.211605e-02
2.885834e-02
2.530065e-03
2.825795e-02
3.581866e-03
9.704016e-03
3.620736e-03
1.492310e-02
2.291678e-02
1.664294e-02
8.587546e-03
9.238862e-03
1.613625e-02
4.252794e-02
2.004556e-02
1.453657e-03
1.369260e-02
2.547088e-02
9.377449e-03
2.400817e-02
1.517251e-03
1.372580e-02
2.045979e-02
1.995622e-02
1.096885e-02
5.237852e-03
3.018434e-02
1.471019e-02
6.227022e-03
1.420047e-02
1.033192e-03
1.817060e-02
8.228781e-04
1.683215e-02
2.760639e-02
1.943373e-02
2.136279e-02
4.128431e-03
8.540058e-03
2.106574e-02
1.397465e-02
2.564898e-03
1.962231e-02
6.300689e-03
1.809674e-02
4.519163e-04
2.306434e-02
1.480504e-02
3.809861e-03
6.416605e-03
2.067287e-02
2.853421e-02
2.066845e-02
1.370805e-02
1.659994e-02
5.138438e-04
2.332927e-02
5.212845e-03
1.587089e-02
2.231071e-02
1.798242e-02
1.246824e-02
8.164916e-03
1.508189e-02
2.527277e-02
1.746497e-02
8.073409e-03
1.221367e-02
5.503736e-03
6.117653e-03
1.234726e-02
1.268814e-02
2.996286e-02
1.849613e-02
4.208481e-03
1.150797e-02
2.441063e-02
1.119913e-02
1.591108e-02
1.408884e-02
4.964603e-03
1.622594e-02
3.712787e-03
5.748527e-03
7.998371e-03
2.139946e-02
4.805348e-03
7.757730e-03
4.996147e-03
1.029353e-02
7.089509e-03
3.398362e-03
1.052515e-02
1.889580e-02
1.408248e-02
6.514466e-03
1.301292e-02
1.863091e-02
1.042794e-02
2.407322e-03
8.605698e-03
6.639204e-04
1.391434e-02
1.347657e-02
1.948976e-02
2.025383e-03
1.060477e-02
3.036275e-02
1.952289e-02
3.427951e-03
4.302515e-03
7.527577e-03
2.926760e-02
5.497033e-04
1.673620e-02
3.427999e-02
1.349368e-02
4.032971e-02
1.005578e-02
1.027105e-02
1.746162e-02
1.117521e-02
1.208162e-02
1.431377e-02
4.426611e-02
7.047210e-03
2.843332e-02
1.428508e-02
3.849903e-05
6.899093e-03
6.442209e-03
1.822428e-02
8.874024e-03
4.948364e-03
4.988997e-04
3.166915e-02
1.739816e-02
3.833159e-02
3.685466e-03
2.036532e-03
1.622422e-02
2.197915e-03
1.029399e-02
8.060448e-03
2.259952e-02
3.556400e-03
2.483296e-03
5.333913e-03
1.968417e-02
2.416632e-02
3.761351e-03
1.122546e-02
1.340120e-02
2.670612e-02
3.429327e-03
2.432299e-02
1.050744e-03
2.617022e-02
8.712344e-03
3.612454e-03
1.515513e-02
3.284148e-03
2.627279e-02
9.032652e-03
8.163811e-03
9.204429e-03
2.288244e-02
3.444079e-02
1.007493e-02
1.827726e-03
5.860140e-03
2.637784e-02
3.992580e-03
1.306426e-02
2.860273e-02
1.447284e-02
1.002663e-02
1.647295e-03
1.592755e-02
3.906594e-04
1.079443e-03
1.863047e-02
4.762283e-03
4.287005e-03
7.688563e-03
2.708375e-02
2.825151e-02
1.888528e-02
2.023465e-02
7.033138e-03
1.870346e-02
1.757922e-02
1.584533e-02
5.806489e-03
1.092167e-02
8.279507e-04
6.370689e-03
1.013627e-02
9.101394e-03
6.336972e-03
1.552302e-02
3.393786e-02
7.700037e-04
4.924260e-03
1.089730e-02
1.069941e-02
7.783995e-03
1.880608e-02
5.250866e-03
8.288738e-03
1.859349e-02
1.639329e-02
9.806930e-03
1.162412e-02
1.714199e-02
1.107603e-02
2.019667e-02
1.160575e-02
1.729106e-03
1.118083e-02
9.143154e-03
9.838268e-03
5.681298e-03
1.728973e-02
1.325286e-02
2.304555e-03
7.306846e-03
5.501830e-03
1.139520e-02
1.702451e-02
2.547795e-02
2.225221e-02
7.489934e-03
2.482085e-02
1.552616e-03
1.934674e-02
8.388881e-03
1.543589e-02
3.323817e-02
1.317065e-03
4.628758e-04
5.773980e-03
2.397396e-03
1.785725e-02
3.345808e-03
2.018731e-02
2.187391e-02
2.768109e-02
2.640100e-02
1.665389e-02
4.361089e-02
1.175700e-02
1.037142e-02
1.891298e-02
3.200524e-02
5.009531e-04
1.010732e-02
1.494045e-02
1.219351e-02
1.525323e-02
1.674678e-02
1.624248e-02
1.367603e-02
8.317529e-03
5.535771e-03
3.281832e-02
3.249558e-03
6.731817e-03
2.256791e-03
5.589422e-03
2.966081e-02
7.049132e-03
2.481180e-02
1.423660e-02
2.542891e-03
5.816661e-03
1.018603e-02
1.075337e-02
8.423530e-03
2.049409e-03
5.683374e-03
2.010798e-02
1.562168e-02
2.474856e-02
1.044832e-02
4.586133e-03
1.493033e-02
9.290947e-03
2.601663e-02
1.341650e-02
1.045673e-03
5.455283e-03
3.550985e-03
3.440254e-02
1.309278e-03
5.224105e-03
9.308782e-05
2.785083e-03
2.316082e-02
9.700512e-03
1.664295e-02
3.529450e-02
3.852670e-03
8.523901e-03
9.054969e-03
7.528808e-03
1.969627e-02
3.259567e-04
1.346209e-02
2.392871e-03
1.142820e-02
7.453241e-03
1.067870e-02
1.632904e-02
1.486067e-02
1.700759e-02
5.535060e-03
1.292092e-02
5.612819e-03
2.228289e-02
4.538417e-03
5.480080e-03
3.698427e-03
5.089999e-03
2.695114e-02
2.319475e-02
1.001270e-02
8.679660e-03
3.021318e-02
1.029481e-03
1.913313e-02
3.929217e-03
1.156014e-03
4.248962e-03
1.292326e-02
1.114516e-02
2.321640e-03
5.102721e-03
1.204596e-03
1.755061e-02
1.667855e-02
1.860459e-02
8.871757e-03
1.807462e-02
3.326232e-02
2.934660e-02
1.044887e-02
2.905845e-02
2.901515e-02
1.258894e-02
4.536268e-03
9.051383e-03
1.148587e-02
1.866437e-02
1.780319e-02
9.549794e-03
1.055559e-02
2.061101e-02
1.728232e-02
3.936711e-02
7.076621e-03
4.685880e-03
1.901417e-02
1.123932e-02
7.947679e-03
2.084586e-02
1.085586e-02
4.153826e-03
2.999833e-02
1.979552e-02
1.670696e-02
1.679734e-02
1.461083e-02
7.128042e-03
8.057072e-03
1.208553e-02
1.458236e-02
1.478002e-03
5.549604e-03
2.499677e-03
3.200636e-03
2.172371e-03
1.570342e-03
8.305429e-03
1.195463e-03
9.963024e-03
2.823324e-04
2.792020e-02
2.229701e-03
9.604183e-03
1.993340e-02
1.154106e-02
3.123905e-03
1.129729e-02
5.909699e-03
2.444333e-02
3.689707e-02
6.834054e-03
4.304142e-03
3.111947e-02
2.407560e-02
1.153322e-02
8.916766e-03
1.784474e-02
3.594670e-03
2.032315e-02
9.178874e-03
1.408954e-02
2.530252e-02
2.399196e-02
1.790600e-02
2.212299e-03
1.823799e-02
2.728229e-02
1.103854e-03
1.600364e-02
5.740690e-03
1.104820e-02
3.099001e-02
4.578155e-03
2.728984e-03
1.417952e-02
2.479755e-02
1.704897e-02
2.025509e-02
2.022739e-02
8.596246e-03
2.230660e-02
7.439915e-03
2.881766e-02
1.852102e-02
5.546593e-03
1.695711e-02
2.533811e-03
5.159227e-03
9.976310e-03
1.023108e-02
2.127204e-03
2.693351e-02
1.607878e-02
6.927676e-03
9.058941e-03
1.090184e-02
1.187211e-03
8.127701e-03
3.740588e-03
6.031480e-03
1.534669e-03
1.810688e-02
1.737672e-03
3.961698e-03
5.324914e-03
3.101891e-02
7.148449e-03
4.454657e-03
1.253733e-02
1.362006e-02
3.192395e-02
2.232079e-02
1.717719e-02
5.415380e-03
6.719660e-03
5.801548e-03
1.235114e-02
1.192226e-02
4.139165e-03
2.559384e-02
2.947233e-02
5.193932e-03
1.386492e-02
1.384948e-02
2.047069e-02
1.894014e-02
1.504018e-02
5.630300e-03
3.128116e-03
2.281409e-02
2.128230e-02
6.420783e-03
4.288165e-03
1.213089e-02
1.706148e-02
1.538504e-02
2.535745e-02
8.895591e-03
3.521801e-02
1.402891e-02
2.365638e-02
1.877345e-02
8.591204e-03
9.494897e-03
7.469800e-03
3.242307e-03
8.908882e-03
1.140924e-02
1.080163e-02
2.347896e-03
5.595319e-03
1.347196e-02
1.131360e-02
1.081195e-02
1.596181e-02
2.552089e-02
1.382288e-02
5.849068e-03
1.572302e-02
2.963663e-02
1.714466e-02
1.941800e-02
1.710116e-02
4.552107e-03
1.836199e-04
1.059531e-02
1.573199e-02
2.397076e-03
1.084809e-02
2.557601e-02
3.201439e-02
1.680656e-02
1.528921e-02
4.867937e-03
6.708590e-03
6.801270e-03
1.669771e-02
4.019401e-02
3.638420e-03
1.546802e-02
4.517969e-03
1.079458e-02
1.958391e-02
5.990850e-03
2.220019e-02
1.089570e-02
5.144188e-03
4.128418e-03
8.957749e-03
8.799230e-03
1.853529e-04
1.129801e-02
2.512067e-02
4.583252e-02
1.395071e-02
1.627655e-02
3.922980e-03
1.246686e-02
1.759699e-02
1.185666e-02
1.420912e-02
4.609190e-03
4.078942e-03
2.575623e-02
1.062442e-02
2.099758e-02
3.283632e-04
9.535595e-03
2.296817e-02
9.811993e-03
2.196736e-02
1.708882e-02
1.054755e-02
1.322850e-02
1.505564e-02
7.845251e-03
1.391690e-02
7.752769e-03
8.303896e-03
5.532491e-03
1.325621e-02
3.121779e-02
1.702503e-02
1.454655e-02
2.305314e-02
2.672079e-02
1.173503e-02
1.692841e-02
1.185718e-02
1.899285e-02
5.091337e-03
1.639481e-02
2.365308e-02
1.152814e-02
2.185147e-02
2.348484e-02
1.580069e-02
1.483953e-03
7.380823e-04
3.113011e-02
4.917762e-03
1.468607e-02
2.162461e-03
1.063239e-02
7.355958e-03
3.947694e-03
3.178709e-03
1.627082e-03
8.045085e-03
2.007917e-02
3.161983e-02
8.781522e-03
4.461743e-03
2.705126e-02
2.181059e-02
1.718601e-02
9.246810e-04
1.954704e-02
8.559536e-03
2.557929e-02
1.870345e-02
2.971997e-02
3.629171e-03
2.005909e-02
2.456137e-02
2.397009e-02
5.033120e-03
7.367976e-03
2.310161e-02
1.888143e-02
3.210847e-04
3.708714e-03
5.418116e-03
3.091858e-03
2.009172e-03
3.957243e-03
8.387886e-04
8.767697e-03
9.914975e-03
9.940717e-03
3.342530e-02
3.902946e-02
2.679077e-02
2.557881e-02
3.233174e-03
3.593772e-02
3.080663e-02
1.023836e-03
2.660868e-03
1.424216e-02
5.523044e-03
1.971273e-03
2.216175e-02
3.364457e-02
5.257616e-03
5.212922e-04
7.549337e-03
2.747226e-02
1.058206e-02
2.404606e-02
1.472731e-02
1.176808e-02
1.995938e-02
9.816108e-03
4.117934e-03
1.323173e-03
4.087425e-03
1.212856e-02
1.422756e-02
1.991126e-02
1.678814e-02
6.590746e-04
1.619220e-03
2.322127e-02
1.422831e-03
1.370832e-02
1.398392e-03
8.761819e-06
7.824948e-03
1.115409e-02
7.775178e-03
9.138029e-03
2.030519e-02
1.087280e-02
2.050694e-02
1.318754e-02
7.486034e-03
1.385752e-02
6.277875e-03
4.825338e-03
1.941011e-02
6.068359e-03
2.193831e-02
2.949365e-02
4.815444e-04
1.505399e-02
6.984197e-03
2.511528e-03
1.616907e-02
9.168294e-03
1.320168e-02
5.572975e-04
2.281408e-02
3.208304e-04
1.190672e-02
1.275157e-02
1.205989e-03
1.742515e-02
2.289602e-02
3.901890e-02
5.431159e-03
1.726110e-02
2.246759e-02
1.472086e-03
1.276948e-03
2.660789e-02
6.927066e-03
7.057145e-03
2.464504e-03
3.036019e-03
2.764640e-02
5.808579e-03
6.869998e-03
1.536887e-02
1.679174e-02
1.808147e-02
3.959588e-03
9.075527e-03
1.912913e-02
6.608860e-03
1.083278e-02
1.721556e-02
6.487994e-03
1.170884e-02
2.261940e-04
5.428601e-03
1.827118e-03
2.801290e-02
1.711949e-02
1.694222e-02
1.413638e-02
2.854485e-02
3.378579e-02
6.850388e-03
2.333837e-02
7.118986e-03
1.514529e-02
5.576878e-03
8.375087e-03
1.601668e-02
8.870541e-04
7.107706e-03
6.813475e-03
1.450645e-03
6.714536e-03
1.249559e-02
8.489948e-04
3.564635e-03
1.005449e-03
3.085482e-02
1.493928e-02
1.812198e-02
1.660967e-03
2.177406e-02
1.297620e-02
3.748880e-02
9.240596e-03
2.960441e-02
5.733761e-03
2.220883e-02
1.789813e-02
1.240770e-02
1.198371e-02
4.267089e-04
8.218287e-03
1.206361e-02
2.161837e-02
1.078948e-02
8.068027e-03
1.169628e-03
1.086057e-03
1.175109e-02
3.437038e-02
1.593520e-03
1.595982e-02
3.095421e-04
2.357786e-02
1.447350e-02
4.611086e-02
2.077067e-02
6.985525e-03
9.819335e-03
2.337907e-03
2.875854e-03
7.466270e-03
2.151756e-02
3.598136e-02
3.343476e-03
2.286087e-02
2.394046e-02
5.267514e-03
1.661378e-02
4.611159e-04
9.000510e-03
2.466580e-02
8.282241e-03
1.880079e-02
1.312453e-02
3.340432e-02
6.878520e-03
3.893630e-02
6.202925e-03
9.435990e-03
1.580198e-02
2.154579e-02
4.079946e-02
3.771670e-02
1.189741e-03
2.169990e-02
3.922789e-03
1.487396e-02
2.736814e-02
1.168645e-02
2.226028e-02
3.913751e-04
1.697139e-02
5.978277e-03
7.895153e-03
1.186790e-02
1.515435e-03
2.662058e-02
9.545668e-03
4.503440e-03
1.483300e-02
2.284975e-02
1.278592e-02
9.157619e-03
5.392318e-04
1.807011e-02
4.317861e-02
9.529532e-03
1.581161e-02
2.762844e-03
1.768281e-02
1.778125e-02
1.711916e-02
1.847740e-02
1.777543e-02
6.928824e-03
1.521208e-04
1.666834e-02
2.253454e-03
2.023287e-02
9.028770e-04
2.496005e-02
2.610830e-02
1.040258e-02
3.671852e-03
2.949475e-02
5.859202e-03
9.275045e-03
9.128560e-03
1.382913e-02
3.078846e-03
1.810533e-02
7.817375e-03
4.168973e-02
6.722394e-03
9.972273e-03
2.932751e-02
1.459753e-02
5.896748e-04
1.640611e-02
8.228083e-03
2.441970e-02
1.422016e-02
2.129657e-03
5.733348e-03
2.635948e-02
3.946552e-02
3.136676e-03
1.484472e-02
1.129622e-02
2.683131e-02
5.931424e-03
1.854816e-02
1.503186e-02
5.003146e-02
5.720895e-03
8.316392e-03
1.870619e-02
1.310000e-03
1.344287e-02
1.100478e-03
3.053736e-02
1.229503e-02
1.865485e-03
1.624485e-02
1.814344e-03
7.617524e-03
5.090033e-03
1.691586e-02
7.025968e-03
1.561998e-02
3.041352e-02
3.552525e-02
7.181756e-03
8.056455e-03
1.725711e-02
5.555332e-03
1.806249e-02
1.491359e-02
1.369701e-02
4.777062e-03
5.842424e-04
2.690539e-02
1.419753e-02
2.763477e-03
4.794876e-03
1.958993e-02
1.699717e-02
1.752400e-03
2.532997e-02
3.366046e-02
2.703120e-03
1.324832e-02
8.585061e-03
3.569255e-03
1.269145e-02
1.954154e-03
9.545310e-05
3.567425e-03
1.377933e-02
8.823406e-03
2.997838e-02
4.474431e-02
8.438116e-03
1.312014e-02
1.093679e-02
1.299584e-02
7.152807e-03
1.256938e-02
3.594891e-03
2.650066e-02
9.117237e-04
2.118016e-02
8.246064e-03
3.193539e-02
1.771688e-02
3.850090e-02
1.892586e-02
4.171566e-03
1.275861e-02
1.677571e-02
3.385632e-02
1.958136e-02
7.760301e-03
3.622369e-03
1.225024e-02
1.037158e-02
3.899396e-03
7.466387e-03
1.931744e-02
1.703463e-02
2.508838e-02
1.586915e-04
2.685025e-02
7.074734e-04
1.918624e-02
2.297634e-02
2.484158e-02
4.517035e-03
1.343189e-03
2.074954e-02
5.800793e-03
2.060276e-03
7.274062e-03
9.011704e-03
1.161976e-03
1.143980e-02
9.191725e-04
4.257438e-03
7.644524e-03
2.430065e-02
3.033864e-02
4.280132e-03
3.516076e-03
2.541928e-03
2.765399e-02
1.046907e-02
8.897411e-03
1.292554e-02
1.848231e-02
6.022812e-03
6.300358e-03
3.950426e-03
1.918034e-02
2.530938e-03
1.279045e-02
9.491648e-03
1.189615e-02
1.379003e-02
1.021815e-02
2.509040e-02
2.182612e-02
5.725044e-03
2.364158e-02
8.924441e-03
2.741808e-02
1.723898e-02
1.060233e-03
1.738643e-02
1.397946e-02
1.114212e-02
6.407056e-03
1.186363e-02
8.980063e-04
2.159440e-03
3.661549e-03
1.005535e-02
1.726243e-03
3.736681e-03
8.308942e-04
1.564642e-02
1.251403e-02
1.845668e-02
5.976804e-03
1.360246e-02
1.242416e-02
1.743572e-02
1.757772e-02
7.548922e-03
2.065711e-03
1.938568e-03
1.399464e-02
9.282206e-03
1.378092e-02
1.199714e-02
1.429766e-02
2.221667e-02
8.998825e-03
2.040538e-02
1.530036e-02
2.723552e-03
3.003952e-02
3.154538e-02
2.497725e-02
9.184075e-03
1.353075e-02
1.623653e-03
7.757090e-03
2.498244e-03
5.751881e-05
3.066120e-03
3.783783e-03
9.413032e-04
2.473086e-04
6.803815e-03
5.948513e-03
1.356933e-02
2.313771e-02
1.584831e-02
2.159022e-02
1.092367e-02
2.402808e-02
1.009493e-03
2.990226e-02
7.271352e-03
2.664647e-02
1.271475e-02
1.232721e-02
2.341036e-02
5.225069e-03
3.650341e-02
2.622727e-02
4.557239e-03
1.061218e-02
2.014754e-02
3.930434e-02
3.100666e-02
8.148601e-03
2.608915e-02
1.036204e-02
4.126968e-03
2.841680e-03
4.103669e-03
9.624651e-04
1.375692e-03
1.131652e-02
2.804529e-03
2.423553e-02
1.124476e-02
2.779371e-02
3.252111e-02
1.130663e-02
5.840809e-03
1.930195e-02
1.982581e-02
2.208284e-02
7.398334e-03
2.594898e-03
1.078260e-02
3.433920e-03
1.141939e-02
3.075689e-03
9.125273e-03
2.762531e-03
1.225955e-02
4.986566e-03
1.857644e-02
1.694161e-02
3.877247e-03
1.025803e-02
6.659531e-03
1.117992e-02
1.155832e-03
2.537541e-02
3.762538e-02
2.504907e-02
5.925660e-03
2.618001e-02
2.736176e-02
1.826335e-02
2.190260e-03
6.530504e-03
3.981670e-03
2.043809e-02
5.600468e-03
2.708622e-02
3.480663e-02
1.572697e-03
1.332526e-02
6.479306e-03
1.083639e-02
2.273192e-02
2.134047e-02
3.021862e-03
5.738086e-03
2.315088e-02
1.081094e-02
1.650974e-02
8.468731e-03
1.700445e-02
5.272730e-03
5.594404e-03
1.940279e-02
1.855745e-02
2.920291e-02
4.678119e-03
2.022422e-02
1.438353e-02
1.778258e-02
1.498465e-02
6.698767e-04
8.511334e-03
1.013948e-02
6.831788e-03
1.561457e-02
1.841474e-02
1.509028e-02
2.574614e-02
2.095211e-02
1.651114e-02
1.136469e-02
6.974097e-03
2.750923e-02
1.242616e-02
2.497243e-03
5.324474e-03
3.473976e-05
2.014999e-02
8.243918e-03
2.922644e-02
7.287403e-04
1.262063e-02
1.824758e-02
4.052935e-02
2.068565e-02
5.817426e+17
1.623667e+17
4.708999e+16
1.540941e+16
5.850728e+15
2.459803e+15
1.032646e+15
4.237419e+14
1.553114e+14
5.569361e+13
2.050285e+13
7.804242e+12
2.816996e+12
1.017533e+12
3.808518e+11
1.427664e+11
5.149405e+10
1.859578e+10
7.050444e+09
2.608895e+09
9.410200e+08
3.422687e+08
1.295793e+08
4.776910e+07
1.719659e+07
6.254850e+06
2.371200e+06
8.742908e+05
3.172796e+05
1.144009e+05
4.375119e+04
1.597475e+04
5.795995e+03
2.089796e+03
8.006776e+02
2.917820e+02
1.045159e+02
3.777941e+01
1.371474e+01
4.713283e+00
1.372951e+00
2.957931e-01
2.638517e-02
6.332739e-04
8.269107e-07
5.957539e-08
8.966188e-08
1.030871e-07
7.701280e-08
3.342066e-08
1.661472e-07
1.024199e-07
1.786914e-08
6.110838e-08
1.583925e-07
9.584799e-08
1.526916e-08
1.054435e+00
4.124649e-01
1.112358e-01
1.126598e-02
1.838601e-04
1.334861e-05
5.982987e-06
2.733470e-06
1.340258e-06
6.349107e-07
2.474117e-07
1.708096e-07
1.220084e-07
1.059044e+00
4.204858e-01
1.144234e-01
1.130642e-02
1.627809e-04
1.369199e-05
6.142134e-06
2.780678e-06
1.295653e-06
5.920954e-07
3.497298e-07
1.151792e-07
9.423225e-08
1.071501e+00
4.264559e-01
1.123252e-01
1.142612e-02
1.865721e-04
1.405423e-05
6.301886e-06
2.846682e-06
1.316023e-06
6.378676e-07
3.059899e-07
2.125971e-07
1.138792e-07
8.398446e-08
7.052341e-08
1.078797e+00
4.326022e-01
1.138572e-01
1.151903e-02
1.655225e-04
1.435444e-05
6.480304e-06
2.913720e-06
1.329074e-06
5.899454e-07
2.927804e-07
1.220581e-07
1.156721e-07
2.831768e-08
1.088451e+00
4.329520e-01
1.145948e-01
1.151194e-02
1.663843e-04
1.476377e-05
6.637481e-06
3.010119e-06
1.344781e-06
6.120315e-07
3.598491e-07
1.514221e-07
1.002184e-07
3.570707e-08
1.833384e-08
1.093189e+00
4.338448e-01
1.153494e-01
1.139430e-02
1.713671e-04
1.514108e-05
6.812498e-06
3.052955e-06
1.387338e-06
6.381357e-07
2.773037e-07
1.578792e-07
8.062751e-08
3.856725e-08
3.728549e-08
1.089498e+00
4.375971e-01
1.159434e-01
1.150729e-02
1.672776e-04
1.553482e-05
6.990440e-06
3.220054e-06
1.425139e-06
7.056580e-07
3.560996e-07
2.282662e-07
1.818032e-07
1.092355e-07
5.548924e-08
1.087172e+00
4.368197e-01
1.158922e-01
1.185290e-02
1.736707e-04
1.599120e-05
7.201375e-06
3.226954e-06
1.468963e-06
7.581614e-07
3.045154e-07
1.319827e-07
9.447265e-08
8.176403e-08
7.034556e-08
1.091898e+00
4.360205e-01
1.134658e-01
1.146893e-02
1.725846e-04
1.644831e-05
7.376679e-06
3.343177e-06
1.528663e-06
6.920676e-07
3.354643e-07
1.412269e-07
1.086386e+00
4.376371e-01
1.138608e-01
1.153044e-02
1.731391e-04
1.693308e-05
7.609842e-06
3.411829e-06
1.539797e-06
7.542496e-07
3.529685e-07
1.982356e-07
1.213065e-07
7.355811e-08
2.950751e-08
1.084415e+00
4.316988e-01
1.155533e-01
1.179936e-02
1.765728e-04
1.743420e-05
7.827510e-06
3.553152e-06
1.611699e-06
7.879510e-07
3.707565e-07
2.659138e-07
1.260766e-07
6.058607e-08
4.663421e-08
1.085752e+00
4.304091e-01
1.140491e-01
1.168085e-02
1.769767e-04
1.798020e-05
8.084833e-06
3.737315e-06
1.719419e-06
7.714657e-07
3.586834e-07
1.533545e-07
8.038549e-08
3.536870e-08
1.085619e+00
4.260746e-01
1.156803e-01
1.160964e-02
1.760424e-04
1.856743e-05
8.336178e-06
3.795373e-06
1.760101e-06
8.026529e-07
3.968554e-07
1.607504e-07
9.116870e-08
4.377616e-08
2.706280e-08
1.072804e+00
4.316714e-01
1.150799e-01
1.172503e-02
1.807548e-04
1.917116e-05
8.640849e-06
3.919630e-06
1.766176e-06
8.296186e-07
4.075099e-07
2.096933e-07
1.306404e-07
3.376025e-08
1.608468e-08
1.077993e+00
4.236939e-01
1.140735e-01
1.161209e-02
1.813570e-04
1.983453e-05
8.911755e-06
4.030834e-06
1.904135e-06
8.785155e-07
4.164304e-07
2.920430e-07
1.680019e-07
7.444258e-08
2.531791e-08
1.068654e+00
4.290068e-01
1.119447e-01
1.153737e-02
1.820955e-04
2.052958e-05
9.216710e-06
4.194757e-06
1.879901e-06
8.563922e-07
4.665232e-07
2.818472e-07
1.759836e-07
7.431463e-08
1.060777e+00
4.215453e-01
1.146973e-01
1.168581e-02
1.866171e-04
2.128926e-05
9.569040e-06
4.293491e-06
1.984271e-06
8.908902e-07
4.220864e-07
1.853811e-07
1.582199e-07
9.386123e-08
5.762650e-08
1.056653e+00
4.193179e-01
1.134889e-01
1.157477e-02
1.864177e-04
2.209022e-05
9.947850e-06
4.457401e-06
2.002783e-06
9.006688e-07
4.754057e-07
2.332909e-07
1.161744e-07
8.213865e-08
3.873042e-08
1.042949e+00
4.239842e-01
1.120724e-01
1.159269e-02
2.016361e-04
2.297079e-05
1.034197e-05
4.633800e-06
2.100209e-06
9.414380e-07
4.706755e-07
2.147028e-07
1.105282e-07
8.871928e-08
5.888412e-08
3.279402e-08
1.047012e+00
4.235896e-01
1.132699e-01
1.153907e-02
1.902101e-04
2.391181e-05
1.075387e-05
4.836718e-06
2.187141e-06
1.037506e-06
5.204408e-07
2.031390e-07
8.917201e-08
5.535756e-08
3.666721e-08
2.857332e-08
1.053864e+00
4.299057e-01
1.174080e-01
1.162428e-02
1.918794e-04
2.496608e-05
1.122536e-05
5.038846e-06
2.282565e-06
1.045806e-06
5.194110e-07
2.341981e-07
1.218172e-07
4.569436e-08
1.070763e+00
4.320641e-01
1.174676e-01
1.184599e-02
1.991663e-04
2.610877e-05
1.173049e-05
5.266858e-06
2.375286e-06
1.088059e-06
4.877001e-07
2.749037e-07
9.656898e-08
7.387616e-08
4.693124e-08
1.631333e-08
1.082932e+00
4.372107e-01
1.161421e-01
1.212142e-02
2.040426e-04
2.739813e-05
1.231466e-05
5.566683e-06
2.556808e-06
1.154203e-06
5.085214e-07
2.930259e-07
2.194703e-07
1.031715e-07
5.407608e-08
2.063762e-08
1.094366e+00
4.361011e-01
1.178183e-01
1.208434e-02
2.066220e-04
2.886151e-05
1.297559e-05
5.862329e-06
2.635830e-06
1.196128e-06
5.846062e-07
2.680900e-07
1.753977e-07
1.229305e-07
9.208993e-08
1.092732e+00
4.390799e-01
1.170480e-01
1.197079e-02
2.112839e-04
3.061506e-05
1.374673e-05
6.177344e-06
2.780244e-06
1.252376e-06
5.637461e-07
2.996967e-07
1.261003e-07
5.699694e-08
1.086988e+00
4.439007e-01
1.172656e-01
1.194965e-02
2.155468e-04
3.271621e-05
1.471162e-05
6.611903e-06
2.968947e-06
1.358136e-06
6.072743e-07
2.805616e-07
1.279919e-07
1.213114e-07
8.137604e-08
2.406561e-08
1.091867e+00
4.386991e-01
1.178611e-01
1.226040e-02
2.252811e-04
3.539688e-05
1.591190e-05
7.151324e-06
3.213588e-06
1.444357e-06
7.055129e-07
2.941490e-07
1.764850e-07
6.254637e-08
3.785194e-08
1.618817e-08
1.098873e+00
4.383112e-01
1.175266e-01
1.232415e-02
2.342973e-04
3.890633e-05
1.750750e-05
7.869244e-06
3.535704e-06
1.596038e-06
7.622537e-07
3.243141e-07
1.554598e-07
9.778725e-08
8.070402e-08
1.107950e+00
4.420391e-01
1.194214e-01
1.227201e-02
2.503911e-04
4.363827e-05
1.962671e-05
8.837740e-06
4.009462e-06
1.786560e-06
8.343115e-07
3.612068e-07
1.624306e-07
7.572306e-08
4.810356e-08
1.132501e+00
4.492176e-01
1.186294e-01
1.250444e-02
2.654962e-04
5.006966e-05
2.253443e-05
1.014299e-05
4.569834e-06
2.054641e-06
9.298225e-07
4.291032e-07
2.445808e-07
9.501264e-08
1.172194e+00
4.581567e-01
1.215357e-01
1.271326e-02
2.912660e-04
5.868832e-05
2.644311e-05
1.191397e-05
5.367513e-06
2.428258e-06
1.115545e-06
4.923062e-07
2.395306e-07
1.147360e-07
9.094675e-08
5.200677e-08
2.861175e-08
1.228665e+00
4.749140e-01
1.246316e-01
1.313121e-02
3.236234e-04
6.979232e-05
3.149353e-05
1.421368e-05
6.415808e-06
2.895172e-06
1.319845e-06
6.334447e-07
2.675165e-07
1.306294e-07
1.130632e-07
6.958114e-08
1.842538e-08
1.306830e+00
4.975878e-01
1.316105e-01
1.372384e-02
3.634994e-04
8.325711e-05
3.765958e-05
1.703546e-05
7.703082e-06
3.485891e-06
1.575025e-06
7.240809e-07
3.296154e-07
1.714455e-07
8.583680e-08
3.184188e-08
1.984178e-08
1.412344e+00
5.239922e-01
1.361750e-01
1.411600e-02
4.078755e-04
9.850601e-05
4.469504e-05
2.027987e-05
9.200043e-06
4.174482e-06
1.902626e-06
8.723249e-07
4.303166e-07
1.799369e-07
8.225029e-08
1.522538e+00
5.586729e-01
1.420393e-01
1.477465e-02
4.556649e-04
1.146875e-04
5.224628e-05
2.379893e-05
1.083775e-05
4.936395e-06
2.256751e-06
1.033975e-06
4.752832e-07
2.234255e-07
1.115631e-07
6.958700e-08
4.298386e-08
1.484103e-08
1.641929e+00
5.897365e-01
1.485551e-01
1.546136e-02
5.009763e-04
1.310682e-04
5.999692e-05
2.746377e-05
1.256590e-05
5.749180e-06
2.630194e-06
1.219703e-06
5.504672e-07
2.530656e-07
1.454165e-07
9.388778e-08
2.463588e-08
1.747978e+00
6.236779e-01
1.556782e-01
1.609815e-02
5.486499e-04
1.472024e-04
6.776915e-05
3.119856e-05
1.435269e-05
6.604026e-06
3.041756e-06
1.412045e-06
6.635970e-07
2.964166e-07
1.408888e-07
6.681367e-08
4.464088e-08
1.400409e-08
1.845935e+00
6.488725e-01
1.626051e-01
1.672124e-02
5.958149e-04
1.629644e-04
7.550478e-05
3.497597e-05
1.619384e-05
7.497769e-06
3.471814e-06
1.608126e-06
7.440550e-07
3.518306e-07
1.694098e-07
7.617770e-08
4.592732e-08
3.249526e-08
1.917259e+00
6.804758e-01
1.694301e-01
1.746836e-02
6.431142e-04
1.785076e-04
8.328402e-05
3.884766e-05
1.811141e-05
8.445027e-06
3.935100e-06
1.846841e-06
8.580037e-07
4.005775e-07
1.867259e-07
9.144182e-08
4.044588e-08
3.090056e-08
1.977599e+00
7.029360e-01
1.774200e-01
1.823761e-02
6.929943e-04
1.940923e-04
9.123800e-05
4.287426e-05
2.013925e-05
9.457017e-06
4.443050e-06
2.086347e-06
9.828683e-07
4.673694e-07
2.303915e-07
1.019434e-07
6.156452e-08
2.616745e-08
2.021209e+00
7.248896e-01
1.842578e-01
1.897992e-02
7.429668e-04
2.101058e-04
9.955615e-05
4.715375e-05
2.232475e-05
1.056761e-05
5.001424e-06
2.367070e-06
1.135894e-06
5.431561e-07
2.551431e-07
1.187602e-07
5.648119e-08
3.758636e-08
2.153468e-08
2.056861e+00
7.439036e-01
1.898370e-01
1.976323e-02
7.975457e-04
2.268324e-04
1.083746e-04
5.176374e-05
2.471193e-05
1.179501e-05
5.628799e-06
2.686443e-06
1.283815e-06
6.156530e-07
2.976283e-07
1.393022e-07
6.915929e-08
4.059444e-08
2.460488e-08
2.076679e+00
7.609216e-01
1.959031e-01
2.045670e-02
8.495242e-04
2.446718e-04
1.179302e-04
5.681932e-05
2.736118e-05
1.317447e-05
6.342804e-06
3.052377e-06
1.472850e-06
7.074362e-07
3.449725e-07
1.643333e-07
7.979128e-08
4.662519e-08
1.930763e-08
2.095448e+00
7.735984e-01
2.011052e-01
2.110000e-02
9.051722e-04
2.640703e-04
1.284373e-04
6.244410e-05
3.034562e-05
1.474285e-05
7.161815e-06
3.479774e-06
1.692037e-06
8.206497e-07
4.041263e-07
2.056293e-07
9.540210e-08
4.712362e-08
3.118355e-08
2.105549e+00
7.848315e-01
2.061858e-01
2.186188e-02
9.662391e-04
2.855249e-04
1.402005e-04
6.880811e-05
3.375405e-05
1.655408e-05
8.116906e-06
3.981872e-06
1.951271e-06
9.571168e-07
4.697182e-07
2.300922e-07
1.183703e-07
5.818856e-08
3.741684e-08
2.114642e+00
7.950738e-01
2.107390e-01
2.243894e-02
1.030501e-03
3.093559e-04
1.533943e-04
7.602338e-05
3.765997e-05
1.865092e-05
9.235019e-06
4.572820e-06
2.263982e-06
1.121703e-06
5.561673e-07
2.759319e-07
1.397548e-07
7.545735e-08
3.625930e-08
2.115494e+00
8.063383e-01
2.150294e-01
2.310291e-02
1.101153e-03
3.363598e-04
1.684971e-04
8.436049e-05
4.221507e-05
2.111972e-05
1.056476e-05
5.284519e-06
2.643870e-06
1.321677e-06
6.625385e-07
3.313650e-07
1.684238e-07
8.322738e-08
4.152413e-08
2.375942e-08
2.121024e+00
8.128882e-01
2.188786e-01
2.377460e-02
1.175135e-03
3.670995e-04
1.858550e-04
9.403894e-05
4.755636e-05
2.404409e-05
1.215508e-05
6.144428e-06
3.105821e-06
1.569219e-06
7.964929e-07
4.009179e-07
2.028216e-07
1.028818e-07
5.479183e-08
3.060993e-08
2.121624e+00
8.220655e-01
2.220951e-01
2.440372e-02
1.261001e-03
4.024797e-04
2.060283e-04
1.053970e-04
5.388864e-05
2.754565e-05
1.407867e-05
7.194745e-06
3.676204e-06
1.879764e-06
9.604464e-07
4.905078e-07
2.511340e-07
1.325408e-07
6.687833e-08
3.616964e-08
2.121931e+00
8.287741e-01
2.252453e-01
2.490648e-02
1.346375e-03
4.435037e-04
2.296553e-04
1.188377e-04
6.146059e-05
3.177731e-05
1.642822e-05
8.491670e-06
4.390132e-06
2.269219e-06
1.173222e-06
6.060746e-07
3.132413e-07
1.619028e-07
8.653335e-08
4.578802e-08
2.121609e+00
8.370493e-01
2.287101e-01
2.562318e-02
1.445724e-03
4.917351e-04
2.577115e-04
1.349633e-04
7.064130e-05
3.696456e-05
1.933899e-05
1.011722e-05
5.292387e-06
2.769028e-06
1.448083e-06
7.573796e-07
3.972450e-07
2.072503e-07
1.092322e-07
5.751565e-08
3.163954e-08
2.124475e+00
8.405648e-01
2.314345e-01
2.615667e-02
1.555802e-03
5.482110e-04
2.909652e-04
1.543074e-04
8.178853e-05
4.333703e-05
2.295997e-05
1.216351e-05
6.443486e-06
3.412768e-06
1.807701e-06
9.579210e-07
5.071951e-07
2.686889e-07
1.445274e-07
7.716056e-08
4.104238e-08
