9.423110e+02
7.832377e+02
6.503114e+02
5.300217e+02
4.268994e+02
3.474886e+02
2.908544e+02
2.510238e+02
2.229145e+02
2.023753e+02
1.847617e+02
1.688722e+02
1.522607e+02
1.341897e+02
1.138878e+02
9.428261e+01
7.631709e+01
6.027638e+01
4.640453e+01
3.432538e+01
2.304840e+01
1.453422e+01
8.132506e+00
3.757651e+00
1.322457e+00
2.590538e-01
1.788080e-02
1.205777e-04
3.526754e-07
1.580169e+02
1.790436e+02
1.998621e+02
2.191174e+02
2.391138e+02
2.412122e+02
2.300644e+02
2.151350e+02
1.978260e+02
1.810321e+02
1.653087e+02
1.505467e+02
1.364045e+02
1.227118e+02
1.093566e+02
9.708811e+01
8.513597e+01
7.466911e+01
6.397447e+01
5.415782e+01
4.491346e+01
3.669766e+01
2.939957e+01
2.224016e+01
1.619088e+01
1.110489e+01
7.021627e+00
3.989248e+00
2.037262e+00
1.018421e+00
6.633205e-01
5.432718e-01
4.481540e-01
3.622850e-01
3.022381e-01
2.741125e-01
2.638931e-01
2.566793e-01
2.494568e-01
2.421691e-01
2.348381e-01
2.274849e-01
2.201266e-01
2.127731e-01
2.054447e-01
1.981426e-01
1.908870e-01
1.836773e-01
1.765189e-01
1.694238e-01
1.623761e-01
1.553985e-01
1.484789e-01
1.416118e-01
1.348247e-01
1.280821e-01
1.214056e-01
1.148053e-01
1.082408e-01
1.017582e-01
9.534690e-02
8.896725e-02
8.268404e-02
7.646448e-02
7.027586e-02
6.419832e-02
5.819821e-02
5.223816e-02
4.642134e-02
4.072718e-02
3.511282e-02
2.970665e-02
2.453886e-02
1.955782e-02
1.490944e-02
1.072953e-02
6.969572e-03
3.808666e-03
1.650328e-03
5.682354e-04
1.664398e-04
4.492045e-05
1.205904e-05
4.857971e-06
2.581172e-06
1.052768e-06
6.924669e-07
1.250571e-06
1.650701e-07
1.693289e-07
1.274035e-06
2.461120e-07
7.852626e-07
1.277172e-06
5.349827e-07
1.088995e-06
5.394803e-07
8.736160e-07
9.681207e+18
2.906397e+18
8.488753e+17
2.703210e+17
8.445488e+16
2.821657e+16
9.932802e+15
3.618690e+15
1.311904e+15
4.886026e+14
1.893824e+14
7.816567e+13
3.058760e+13
1.209499e+13
4.738860e+12
1.769396e+12
6.165734e+11
2.205462e+11
8.499140e+10
3.134357e+10
1.133734e+10
4.147429e+09
1.618350e+09
5.964542e+08
2.152228e+08
7.806431e+07
2.991929e+07
1.093714e+07
3.963148e+06
1.426791e+06
5.485769e+05
1.998702e+05
7.242679e+04
2.607472e+04
1.005701e+04
3.667320e+03
1.322201e+03
4.755416e+02
1.837194e+02
6.557995e+01
2.293898e+01
8.229791e+00
2.616368e+00
6.885774e-01
9.763943e-02
4.825088e-03
2.170582e-05
2.618119e-08
1.815154e-08
2.571396e-08
1.396795e-07
1.344999e-07
3.944636e-09
2.301299e-08
3.736746e-08
2.405097e-09
2.634468e+00
7.160684e-01
1.517752e-01
1.486482e-02
4.314824e-04
9.934748e-05
4.126805e-05
1.720182e-05
7.232614e-06
2.992733e-06
1.323484e-06
5.723445e-07
2.432327e-07
1.063774e-07
5.907863e-08
2.469800e+00
6.721031e-01
1.438988e-01
1.433471e-02
4.105272e-04
9.396514e-05
3.932270e-05
1.647877e-05
6.911997e-06
2.899367e-06
1.230859e-06
5.769306e-07
2.400350e-07
1.875628e-07
9.528803e-08
6.747215e-08
2.323842e+00
6.324570e-01
1.385643e-01
1.397287e-02
3.956813e-04
8.915119e-05
3.751316e-05
1.582596e-05
6.693613e-06
2.928457e-06
1.270761e-06
5.219611e-07
2.396291e-07
1.135302e-07
4.772051e-08
2.199661e+00
5.945881e-01
1.323780e-01
1.354279e-02
3.782301e-04
8.453857e-05
3.584366e-05
1.520645e-05
6.469718e-06
2.749776e-06
1.207040e-06
4.921085e-07
2.388892e-07
1.804957e-07
4.236100e-08
2.079353e+00
5.695657e-01
1.278247e-01
1.329107e-02
3.640578e-04
8.046712e-05
3.426680e-05
1.464921e-05
6.294316e-06
2.752944e-06
1.213285e-06
5.640395e-07
2.404812e-07
1.030818e-07
8.652733e-08
3.391349e-08
2.171435e-08
1.977981e+00
5.375684e-01
1.238200e-01
1.307204e-02
3.510788e-04
7.652783e-05
3.279383e-05
1.405640e-05
6.106728e-06
2.635890e-06
1.107617e-06
4.915505e-07
2.877920e-07
1.410250e-07
4.943804e-08
1.882476e+00
5.153796e-01
1.200161e-01
1.265140e-02
3.377933e-04
7.293713e-05
3.138031e-05
1.351848e-05
5.826824e-06
2.580480e-06
1.099542e-06
4.773291e-07
2.129154e-07
1.795078e+00
4.920697e-01
1.171381e-01
1.238079e-02
3.262682e-04
6.947589e-05
3.002623e-05
1.299649e-05
5.651933e-06
2.453939e-06
1.060158e-06
4.793719e-07
1.973870e-07
1.344025e-07
9.189190e-08
5.235054e-08
1.713926e+00
4.723301e-01
1.145354e-01
1.226982e-02
3.160129e-04
6.625942e-05
2.874853e-05
1.249459e-05
5.440331e-06
2.398464e-06
1.038186e-06
4.474846e-07
1.947006e-07
1.244908e-07
5.063595e-08
1.866804e-08
1.637311e+00
4.574365e-01
1.123723e-01
1.202501e-02
3.054816e-04
6.315643e-05
2.751420e-05
1.199798e-05
5.232968e-06
2.319769e-06
1.065339e-06
4.730723e-07
2.061915e-07
8.937947e-08
1.573142e+00
4.427290e-01
1.101888e-01
1.189333e-02
2.967842e-04
6.024447e-05
2.634495e-05
1.158751e-05
5.083719e-06
2.242318e-06
9.711228e-07
4.380785e-07
1.916784e-07
1.585128e-07
8.541730e-08
3.586593e-08
1.515016e+00
4.283216e-01
1.080518e-01
1.180128e-02
2.876544e-04
5.750420e-05
2.521742e-05
1.107104e-05
4.860632e-06
2.135502e-06
9.559170e-07
4.149056e-07
1.819785e-07
1.075786e-07
1.458907e+00
4.163281e-01
1.059599e-01
1.166943e-02
2.862441e-04
5.491147e-05
2.417713e-05
1.064237e-05
4.682685e-06
2.070934e-06
9.666558e-07
5.312746e-07
3.103643e-07
1.932527e-07
1.212170e-07
6.857547e-08
1.403395e+00
4.090038e-01
1.051385e-01
1.147676e-02
2.710359e-04
5.252099e-05
2.316058e-05
1.022600e-05
4.518135e-06
2.077098e-06
9.056708e-07
4.542492e-07
2.571055e-07
1.331350e-07
1.224193e-07
1.017197e-07
5.529008e-08
1.353876e+00
3.988462e-01
1.039469e-01
1.137929e-02
2.668155e-04
5.029588e-05
2.223017e-05
9.837345e-06
4.374995e-06
1.979693e-06
9.412069e-07
4.280824e-07
2.132531e-07
7.382771e-08
3.515620e-08
1.307862e+00
3.921085e-01
1.030714e-01
1.131853e-02
2.575557e-04
4.822537e-05
2.139210e-05
9.484988e-06
4.213220e-06
1.975296e-06
8.297575e-07
4.158195e-07
1.872141e-07
1.118397e-07
1.271870e+00
3.850609e-01
1.026508e-01
1.128267e-02
2.517790e-04
4.637649e-05
2.059213e-05
9.193515e-06
4.073848e-06
1.830315e-06
8.072261e-07
3.865780e-07
2.162894e-07
7.781050e-08
4.466616e-08
1.237533e+00
3.819051e-01
1.021400e-01
1.116337e-02
2.468368e-04
4.474362e-05
1.990270e-05
8.905541e-06
3.956212e-06
1.809345e-06
8.490779e-07
3.987715e-07
2.928880e-07
9.991071e-08
4.854368e-08
1.205130e+00
3.785044e-01
1.013065e-01
1.121949e-02
2.421362e-04
4.329435e-05
1.929411e-05
8.601676e-06
3.849587e-06
1.753090e-06
8.573827e-07
4.080915e-07
1.526976e-07
1.002236e-07
5.910178e-08
5.100240e-08
1.172847e+00
3.780744e-01
1.014648e-01
1.126223e-02
2.431717e-04
4.209514e-05
1.878981e-05
8.388545e-06
3.745914e-06
1.692902e-06
7.911712e-07
3.511017e-07
1.693019e-07
1.012432e-07
1.145709e+00
3.749714e-01
1.018418e-01
1.114615e-02
2.349173e-04
4.114683e-05
1.838670e-05
8.226740e-06
3.677834e-06
1.643018e-06
7.597253e-07
3.664165e-07
1.558312e-07
8.767384e-08
3.017059e-08
1.555763e-08
1.129743e+00
3.738486e-01
1.020112e-01
1.123067e-02
2.331343e-04
4.045522e-05
1.809914e-05
8.110659e-06
3.625372e-06
1.714478e-06
7.819030e-07
4.002397e-07
2.242287e-07
6.521932e-08
4.090923e-08
1.116306e+00
3.739667e-01
1.025718e-01
1.123554e-02
2.315292e-04
4.007760e-05
1.794882e-05
8.043009e-06
3.612961e-06
1.638877e-06
7.642322e-07
3.461115e-07
2.271677e-07
9.038065e-08
7.080581e-08
6.282417e-08
1.103205e+00
3.753144e-01
1.038588e-01
1.127402e-02
2.314834e-04
4.004948e-05
1.795089e-05
8.056223e-06
3.614422e-06
1.621186e-06
7.337033e-07
3.396799e-07
1.778721e-07
1.088786e-07
9.525956e-08
1.659790e-08
1.087489e+00
3.795208e-01
1.052826e-01
1.141118e-02
2.331727e-04
4.043952e-05
1.814431e-05
8.146469e-06
3.670554e-06
1.668782e-06
7.535464e-07
3.381441e-07
1.699409e-07
1.523479e-07
1.043483e-07
2.787798e-08
1.087188e+00
3.879203e-01
1.057360e-01
1.156343e-02
2.478429e-04
4.138807e-05
1.858339e-05
8.349019e-06
3.758813e-06
1.689352e-06
7.560262e-07
3.495689e-07
2.114804e-07
1.591302e-07
6.466013e-08
3.064608e-08
1.097254e+00
3.982386e-01
1.076934e-01
1.162446e-02
2.486381e-04
4.305094e-05
1.934407e-05
8.696749e-06
3.922535e-06
1.820463e-06
8.314125e-07
3.923092e-07
2.745368e-07
1.247314e-07
6.758380e-08
4.288617e-08
1.111678e+00
4.074372e-01
1.101485e-01
1.185042e-02
2.516266e-04
4.573404e-05
2.056553e-05
9.262724e-06
4.161095e-06
1.911688e-06
8.415435e-07
3.785255e-07
1.792228e-07
1.356232e-07
6.755256e-08
5.186386e-08
1.136248e+00
4.201864e-01
1.131751e-01
1.204737e-02
2.632687e-04
4.983182e-05
2.243009e-05
1.009702e-05
4.550510e-06
2.075294e-06
9.210929e-07
4.470235e-07
2.097311e-07
9.646037e-08
5.986391e-08
3.590270e-08
9.835368e-09
1.171703e+00
4.353117e-01
1.170418e-01
1.238912e-02
2.843043e-04
5.582573e-05
2.515761e-05
1.133556e-05
5.107805e-06
2.334236e-06
1.064503e-06
5.020605e-07
2.235873e-07
1.130038e-07
7.225819e-08
3.809307e-08
2.425755e-08
1.223466e+00
4.545567e-01
1.219706e-01
1.292309e-02
3.243926e-04
6.420409e-05
2.896506e-05
1.307934e-05
5.900395e-06
2.661940e-06
1.216090e-06
6.127432e-07
3.167482e-07
1.330873e-07
5.124252e-08
2.907137e-08
1.294676e+00
4.831760e-01
1.275001e-01
1.344357e-02
3.454869e-04
7.525979e-05
3.400312e-05
1.537507e-05
6.950975e-06
3.144883e-06
1.461170e-06
6.545284e-07
3.517482e-07
1.803231e-07
7.236433e-08
6.621061e-08
1.397301e+00
5.147602e-01
1.335178e-01
1.397560e-02
3.871026e-04
8.876763e-05
4.021575e-05
1.823109e-05
8.292576e-06
3.754827e-06
1.700402e-06
7.801199e-07
3.565592e-07
1.688749e-07
8.907625e-08
5.265890e-08
3.402655e-08
1.519288e+00
5.530006e-01
1.404372e-01
1.473520e-02
4.344827e-04
1.041512e-04
4.734795e-05
2.153039e-05
9.794243e-06
4.451378e-06
2.028544e-06
9.392986e-07
4.295187e-07
1.902093e-07
1.489153e-07
8.146940e-08
2.910439e-08
1.655723e+00
5.912787e-01
1.482076e-01
1.546898e-02
4.866207e-04
1.205726e-04
5.504355e-05
2.513966e-05
1.147625e-05
5.240741e-06
2.392883e-06
1.097020e-06
4.987116e-07
2.302745e-07
1.214022e-07
5.927425e-08
1.794468e+00
6.298574e-01
1.563614e-01
1.619363e-02
5.356182e-04
1.372622e-04
6.297657e-05
2.890114e-05
1.326155e-05
6.084490e-06
2.793559e-06
1.282180e-06
5.918186e-07
2.744730e-07
1.277529e-07
5.836410e-08
3.634235e-08
1.255198e-08
1.920854e+00
6.651247e-01
1.644281e-01
1.697505e-02
5.869234e-04
1.537679e-04
7.094960e-05
3.275520e-05
1.511475e-05
6.972764e-06
3.217063e-06
1.489152e-06
6.912950e-07
3.157609e-07
1.621595e-07
8.069251e-08
4.284400e-08
1.659869e-08
2.025982e+00
6.967579e-01
1.724731e-01
1.789258e-02
6.406314e-04
1.699491e-04
7.892646e-05
3.666764e-05
1.703167e-05
7.906567e-06
3.672499e-06
1.704891e-06
8.003095e-07
3.680886e-07
1.798382e-07
9.054739e-08
4.774037e-08
2.015057e-08
2.114357e+00
7.251268e-01
1.788417e-01
1.860465e-02
6.917775e-04
1.860330e-04
8.700419e-05
4.070466e-05
1.903967e-05
8.899742e-06
4.165919e-06
1.946402e-06
9.106020e-07
4.344294e-07
2.116519e-07
9.847729e-08
4.349653e-08
2.161862e-08
2.174173e+00
7.511777e-01
1.873936e-01
1.940962e-02
7.471321e-04
2.022625e-04
9.530694e-05
4.492816e-05
2.116786e-05
9.971520e-06
4.698854e-06
2.214939e-06
1.043538e-06
4.928689e-07
2.385240e-07
1.167569e-07
5.666390e-08
3.276195e-08
2.226397e+00
7.671857e-01
1.933487e-01
2.014587e-02
8.044349e-04
2.187734e-04
1.039162e-04
4.937424e-05
2.345261e-05
1.113335e-05
5.291559e-06
2.509451e-06
1.191017e-06
5.708650e-07
2.689815e-07
1.276563e-07
6.949894e-08
2.968570e-08
1.451477e-08
2.252381e+00
7.913920e-01
1.999276e-01
2.101022e-02
8.616786e-04
2.362266e-04
1.131687e-04
5.422466e-05
2.596976e-05
1.243385e-05
5.955509e-06
2.849062e-06
1.363631e-06
6.583437e-07
3.129006e-07
1.540677e-07
8.029885e-08
3.791285e-08
1.784898e-08
2.277273e+00
8.036196e-01
2.056603e-01
2.175330e-02
9.209104e-04
2.550025e-04
1.232104e-04
5.955160e-05
2.876964e-05
1.389391e-05
6.710959e-06
3.239702e-06
1.565440e-06
7.565513e-07
3.654407e-07
1.770204e-07
9.230213e-08
4.792707e-08
2.106843e-08
2.289070e+00
8.179358e-01
2.106503e-01
2.264389e-02
9.861576e-04
2.753400e-04
1.342533e-04
6.547733e-05
3.191976e-05
1.555862e-05
7.580253e-06
3.693917e-06
1.801020e-06
8.775100e-07
4.276959e-07
2.117547e-07
1.014418e-07
4.947679e-08
2.434469e-08
2.298101e+00
8.269507e-01
2.151439e-01
2.325748e-02
1.052904e-03
2.980017e-04
1.466745e-04
7.221368e-05
3.553439e-05
1.748262e-05
8.600161e-06
4.229155e-06
2.081285e-06
1.025113e-06
5.033961e-07
2.474152e-07
1.233745e-07
6.318509e-08
2.948664e-08
2.302205e+00
8.368612e-01
2.196230e-01
2.395569e-02
1.125792e-03
3.232566e-04
1.606742e-04
7.987939e-05
3.969438e-05
1.971837e-05
9.793429e-06
4.865653e-06
2.415466e-06
1.200155e-06
5.959422e-07
2.975104e-07
1.483515e-07
7.380313e-08
4.179225e-08
2.301846e+00
8.443487e-01
2.239548e-01
2.469477e-02
1.205608e-03
3.519304e-04
1.767041e-04
8.874324e-05
4.454457e-05
2.235306e-05
1.121598e-05
5.627963e-06
2.822387e-06
1.416667e-06
7.101116e-07
3.610724e-07
1.792899e-07
9.055316e-08
4.846227e-08
2.490869e-08
2.300257e+00
8.519146e-01
2.281662e-01
2.525813e-02
1.282258e-03
3.843025e-04
1.950166e-04
9.897372e-05
5.020378e-05
2.545851e-05
1.290846e-05
6.545909e-06
3.317608e-06
1.682610e-06
8.531317e-07
4.321269e-07
2.192085e-07
1.144215e-07
5.849190e-08
2.880781e-08
2.295180e+00
8.607417e-01
2.312255e-01
2.605627e-02
1.374782e-03
4.218006e-04
2.164068e-04
1.110363e-04
5.694089e-05
2.919289e-05
1.496352e-05
7.669635e-06
3.930759e-06
2.016471e-06
1.032342e-06
5.292484e-07
2.712083e-07
1.438008e-07
7.256810e-08
3.700798e-08
2.293048e+00
8.673695e-01
2.344251e-01
2.665534e-02
1.472899e-03
4.654181e-04
2.415357e-04
1.253511e-04
6.501688e-05
3.371352e-05
1.747959e-05
9.061543e-06
4.696958e-06
2.434631e-06
1.262847e-06
6.547517e-07
3.392189e-07
1.758495e-07
9.212759e-08
4.725083e-08
2.287985e+00
8.758127e-01
2.379207e-01
2.727704e-02
1.580755e-03
5.165265e-04
2.712873e-04
1.424777e-04
7.478601e-05
3.924353e-05
2.059000e-05
1.080117e-05
5.665963e-06
2.973283e-06
1.559081e-06
8.181068e-07
4.288781e-07
2.249569e-07
1.196900e-07
6.474707e-08
3.928864e-08
2.285975e+00
8.823085e-01
2.408561e-01
2.789414e-02
1.702481e-03
5.768543e-04
3.068138e-04
1.631619e-04
8.671980e-05
4.607627e-05
2.447764e-05
1.300319e-05
6.907012e-06
3.668165e-06
1.948431e-06
1.035340e-06
5.494216e-07
2.923306e-07
1.551590e-07
8.337714e-08
4.600909e-08
2.285506e+00
8.858420e-01
2.442890e-01
2.854352e-02
1.836843e-03
6.485642e-04
3.495685e-04
1.883635e-04
1.014389e-04
5.460968e-05
2.939509e-05
1.582067e-05
8.514170e-06
4.582401e-06
2.465975e-06
1.327273e-06
7.141902e-07
3.844962e-07
2.067568e-07
1.112631e-07
6.125618e-08
2.285789e+00
8.949941e-01
2.471124e-01
2.920600e-02
2.000466e-03
7.348043e-04
4.016743e-04
2.194726e-04
1.198456e-04
6.542231e-05
3.570675e-05
1.948646e-05
1.063358e-05
5.803034e-06
3.166242e-06
1.728496e-06
9.429403e-07
5.145477e-07
2.806164e-07
1.539711e-07
8.361215e-08
4.593883e-08
2.288093e+00
9.023749e-01
2.505211e-01
2.999953e-02
2.186581e-03
8.405912e-04
4.663270e-04
2.585899e-04
1.433063e-04
7.939142e-05
4.397371e-05
2.435441e-05
1.348742e-05
7.468912e-06
4.136375e-06
2.290296e-06
1.268114e-06
7.025063e-07
3.897612e-07
2.153214e-07
1.206043e-07
6.631519e-08
2.298022e+00
9.075583e-01
2.530006e-01
3.083861e-02
2.401799e-03
9.693662e-04
5.464162e-04
3.078129e-04
1.732907e-04
9.752437e-05
5.487301e-05
3.087216e-05
1.736744e-05
9.770258e-06
5.495711e-06
3.091771e-06
1.738844e-06
9.791356e-07
5.501798e-07
3.101860e-07
1.741143e-07
9.823621e-08
2.302978e+00
9.209474e-01
2.561473e-01
3.151214e-02
2.663881e-03
1.129199e-03
6.473069e-04
3.708533e-04
2.123319e-04
1.215254e-04
6.953954e-05
3.978712e-05
2.276297e-05
1.302229e-05
7.449946e-06
4.261418e-06
2.438072e-06
1.394933e-06
7.978101e-07
4.563296e-07
2.623826e-07
1.494159e-07
8.545375e-08
2.314658e+00
9.325914e-01
2.592616e-01
3.231438e-02
2.973454e-03
1.330276e-03
7.766291e-04
4.530993e-04
2.641733e-04
1.539642e-04
8.971291e-05
5.226784e-05
3.044976e-05
1.773871e-05
1.033291e-05
6.019316e-06
3.506349e-06
2.042348e-06
1.189669e-06
6.935108e-07
4.036778e-07
2.353307e-07
1.377011e-07
7.984623e-08
2.331404e+00
9.428215e-01
2.625142e-01
3.344109e-02
3.363394e-03
1.583704e-03
9.428783e-04
5.610057e-04
3.335682e-04
1.982633e-04
1.178116e-04
6.999643e-05
4.158444e-05
2.470394e-05
1.467522e-05
8.717678e-06
5.178632e-06
3.076317e-06
1.827415e-06
1.085606e-06
6.447975e-07
3.829962e-07
2.276464e-07
1.351578e-07
2.356689e+00
9.575102e-01
2.669812e-01
3.459886e-02
3.838161e-03
1.908423e-03
1.160777e-03
7.055091e-04
4.285179e-04
2.601736e-04
1.579258e-04
9.584748e-05
5.816616e-05
3.529695e-05
2.141853e-05
1.299673e-05
7.886224e-06
4.785232e-06
2.903680e-06
1.761947e-06
1.069093e-06
6.487601e-07
3.937104e-07
2.405320e-07
1.451307e-07
2.385878e+00
9.729125e-01
2.718190e-01
3.583918e-02
4.420497e-03
2.322708e-03
1.445980e-03
8.994513e-04
5.591262e-04
3.474312e-04
2.158347e-04
1.340627e-04
8.326322e-05
5.171004e-05
3.211288e-05
1.994227e-05
1.238411e-05
7.690369e-06
4.775687e-06
2.965643e-06
1.841616e-06
1.143603e-06
7.101990e-07
4.410570e-07
2.738841e-07
1.701035e-07
2.419889e+00
9.932924e-01
2.774121e-01
3.746064e-02
5.158118e-03
2.860488e-03
1.826206e-03
1.164991e-03
7.427158e-04
4.733173e-04
3.015609e-04
1.921012e-04
1.223607e-04
7.793395e-05
4.963568e-05
3.161187e-05
2.013260e-05
1.282169e-05
8.165600e-06
5.200301e-06
3.311808e-06
2.109149e-06
1.343212e-06
8.554511e-07
5.447983e-07
3.469488e-07
2.212021e-07
2.468495e+00
1.017488e+00
2.832016e-01
3.915047e-02
6.054544e-03
3.549818e-03
2.329186e-03
1.527173e-03
1.000736e-03
6.555255e-04
4.292949e-04
2.810960e-04
1.840389e-04
1.204859e-04
7.887595e-05
5.163462e-05
3.380089e-05
2.212647e-05
1.448402e-05
9.481296e-06
6.206464e-06
4.062832e-06
2.659423e-06
1.740957e-06
1.139519e-06
7.459544e-07
4.884082e-07
3.196267e-07
2.528173e+00
1.037157e+00
2.891299e-01
4.109702e-02
7.130697e-03
4.421077e-03
2.987914e-03
2.018030e-03
1.362282e-03
9.193125e-04
6.202470e-04
4.184111e-04
2.822283e-04
1.903569e-04
1.283865e-04
8.658768e-05
5.839636e-05
3.938291e-05
2.656015e-05
1.791192e-05
1.207979e-05
8.146517e-06
5.494083e-06
3.705108e-06
2.498595e-06
1.685066e-06
1.136597e-06
7.663184e-07
5.168445e-07
3.486570e-07
2.585457e+00
1.069586e+00
2.971795e-01
4.328729e-02
8.418898e-03
5.514289e-03
3.846975e-03
2.681333e-03
1.868650e-03
1.301886e-03
9.068606e-04
6.316191e-04
4.398802e-04
3.063294e-04
2.133167e-04
1.485428e-04
1.034349e-04
7.202428e-05
5.015196e-05
3.492131e-05
2.431614e-05
1.693127e-05
1.178964e-05
8.208945e-06
5.716178e-06
3.980223e-06
2.771286e-06
1.929708e-06
1.343568e-06
9.355673e-07
6.516156e-07
4.535944e-07
2.664699e+00
1.082743e+00
3.038082e-01
4.562215e-02
9.910777e-03
6.804020e-03
4.906363e-03
3.536548e-03
2.548518e-03
1.836208e-03
1.322625e-03
9.528444e-04
6.863535e-04
4.943757e-04
3.560851e-04
2.564735e-04
1.847249e-04
1.330465e-04
9.582543e-05
6.901618e-05
4.970778e-05
3.580116e-05
2.578466e-05
1.857092e-05
1.337528e-05
9.633297e-06
6.937840e-06
4.997169e-06
3.598623e-06
2.592034e-06
1.866906e-06
1.345213e-06
9.680726e-07
6.976525e-07
2.729144e+00
1.107671e+00
3.096030e-01
4.802320e-02
1.152879e-02
8.264712e-03
6.165500e-03
4.599486e-03
3.430736e-03
2.558841e-03
1.908475e-03
1.423382e-03
1.061578e-03
7.917347e-04
5.904801e-04
4.403815e-04
3.284370e-04
2.449491e-04
1.826829e-04
1.362445e-04
1.016112e-04
7.578128e-05
5.651785e-05
4.215111e-05
3.143599e-05
2.344484e-05
1.748498e-05
1.304075e-05
9.725540e-06
7.253344e-06
5.409341e-06
4.034269e-06
3.009383e-06
2.243532e-06
1.673715e-06
1.247923e-06
9.311219e-07
2.785799e+00
1.111398e+00
3.158608e-01
5.034432e-02
1.312536e-02
9.796167e-03
7.561984e-03
5.837918e-03
4.506389e-03
3.479919e-03
2.687174e-03
2.075143e-03
1.602585e-03
1.237688e-03
9.559037e-04
7.382912e-04
5.702297e-04
4.404313e-04
3.401816e-04
2.627537e-04
2.029501e-04
1.567580e-04
1.210810e-04
9.352381e-05
7.223888e-05
5.579745e-05
4.309870e-05
3.329001e-05
2.571335e-05
1.986216e-05
1.534123e-05
1.184956e-05
9.152964e-06
7.070098e-06
5.461084e-06
4.217736e-06
3.258301e-06
2.516779e-06
1.943689e-06
1.501532e-06
1.159573e-06
2.830563e+00
1.111430e+00
3.154959e-01
5.184438e-02
1.450427e-02
1.122259e-02
8.955288e-03
7.148023e-03
5.706750e-03
4.557069e-03
3.639641e-03
2.907325e-03
2.322469e-03
1.855588e-03
1.482660e-03
1.184756e-03
9.467537e-04
7.565945e-04
6.046486e-04
4.832295e-04
3.862009e-04
3.086594e-04
2.466908e-04
1.971652e-04
1.575836e-04
1.259491e-04
1.006654e-04
8.045788e-05
6.430692e-05
5.139850e-05
4.108076e-05
3.283476e-05
2.624352e-05
2.097567e-05
1.676602e-05
1.339975e-05
1.071005e-05
8.560719e-06
6.841967e-06
5.468492e-06
4.371303e-06
3.493528e-06
2.792867e-06
2.231392e-06
1.784354e-06
1.425467e-06
2.839460e+00
1.101236e+00
3.186234e-01
5.333398e-02
1.550859e-02
1.240417e-02
1.021393e-02
8.412794e-03
6.931457e-03
5.713231e-03
4.710282e-03
3.884257e-03
3.204145e-03
2.642927e-03
2.180454e-03
1.799096e-03
1.484527e-03
1.225079e-03
1.011034e-03
8.344268e-04
6.886981e-04
5.684381e-04
4.691918e-04
3.872813e-04
3.196775e-04
2.638780e-04
2.178211e-04
1.798046e-04
1.484251e-04
1.225230e-04
1.011404e-04
8.349095e-05
6.892173e-05
5.689469e-05
4.696669e-05
3.877119e-05
3.200572e-05
2.642115e-05
2.181020e-05
1.800518e-05
1.486279e-05
1.226978e-05
1.012895e-05
8.361493e-06
6.902330e-06
5.697791e-06
4.703703e-06
3.883696e-06
3.204773e-06
2.646200e-06
2.184477e-06
1.803201e-06
2.831508e+00
1.088698e+00
3.171162e-01
5.399504e-02
1.605052e-02
1.319516e-02
1.118202e-02
9.479478e-03
8.040125e-03
6.818746e-03
5.788880e-03
4.914783e-03
4.173661e-03
3.545009e-03
3.011563e-03
2.558759e-03
2.174496e-03
1.847933e-03
1.570586e-03
1.334966e-03
1.134766e-03
9.646422e-04
8.200616e-04
6.971774e-04
5.927277e-04
5.039409e-04
4.284637e-04
3.642989e-04
3.097483e-04
2.633702e-04
2.239395e-04
1.904133e-04
1.619036e-04
1.376693e-04
1.170616e-04
9.953905e-05
8.464080e-05
7.197119e-05
6.120016e-05
5.203949e-05
4.425093e-05
3.762837e-05
3.199609e-05
2.720874e-05
2.313498e-05
1.967372e-05
1.672901e-05
1.422513e-05
1.209594e-05
1.028606e-05
8.746668e-06
7.438131e-06
6.324301e-06
5.377747e-06
4.573005e-06
3.889122e-06
3.306524e-06
2.812041e-06
2.390674e-06
2.794698e+00
1.079137e+00
3.174376e-01
5.422354e-02
1.607053e-02
1.352079e-02
1.175171e-02
1.022585e-02
8.900740e-03
7.750528e-03
6.751360e-03
5.882818e-03
5.127386e-03
4.470455e-03
3.898008e-03
3.399527e-03
2.965244e-03
2.586785e-03
2.256889e-03
1.969264e-03
1.718444e-03
1.499687e-03
1.308863e-03
1.142387e-03
9.971357e-04
8.703908e-04
7.597864e-04
6.632578e-04
5.790115e-04
5.054770e-04
4.412928e-04
3.852660e-04
3.363574e-04
2.936623e-04
2.563897e-04
2.238506e-04
1.954437e-04
1.706416e-04
1.490012e-04
1.300954e-04
1.135885e-04
9.917722e-05
8.659442e-05
7.560886e-05
6.601595e-05
5.764077e-05
5.032925e-05
4.394425e-05
3.837017e-05
3.350208e-05
2.925229e-05
2.554130e-05
2.230173e-05
1.947263e-05
1.700314e-05
1.484525e-05
1.296305e-05
1.131778e-05
9.882869e-06
8.628795e-06
7.534614e-06
6.578849e-06
5.744311e-06
5.015361e-06
4.379483e-06
3.824368e-06
3.338300e-06
2.758670e+00
1.062606e+00
3.146385e-01
5.397424e-02
1.557545e-02
1.334273e-02
1.186801e-02
1.056255e-02
9.404923e-03
8.377505e-03
7.464568e-03
6.653348e-03
5.932180e-03
5.290362e-03
4.717671e-03
4.209575e-03
3.755592e-03
3.351852e-03
2.991261e-03
2.670267e-03
2.383154e-03
2.128128e-03
1.900275e-03
1.696943e-03
1.515468e-03
1.353482e-03
1.208874e-03
1.079767e-03
9.644883e-04
8.615509e-04
7.696242e-04
6.875272e-04
6.142038e-04
5.487126e-04
4.902162e-04
4.379636e-04
3.912533e-04
3.495652e-04
3.123195e-04
2.790446e-04
2.493183e-04
2.227609e-04
1.990330e-04
1.778352e-04
1.588956e-04
1.419740e-04
1.268554e-04
1.133468e-04
1.012777e-04
9.049288e-05
8.085882e-05
7.224913e-05
6.455668e-05
5.768362e-05
5.154190e-05
4.605475e-05
4.115175e-05
3.677103e-05
3.285602e-05
2.935828e-05
2.623264e-05
2.343996e-05
2.094498e-05
1.871479e-05
1.672345e-05
1.494224e-05
1.335198e-05
1.193059e-05
1.066027e-05
9.526060e-06
8.511298e-06
7.605795e-06
6.795866e-06
6.072349e-06
5.426130e-06
4.848684e-06
4.332164e-06
3.871149e-06
2.699268e+00
1.053017e+00
3.155451e-01
5.366218e-02
1.469556e-02
1.272858e-02
1.154657e-02
1.047998e-02
9.515685e-03
8.643199e-03
7.853220e-03
7.137676e-03
6.489514e-03
5.898183e-03
5.363985e-03
4.880084e-03
4.440029e-03
4.040280e-03
3.676505e-03
3.346635e-03
3.046488e-03
2.773548e-03
2.525298e-03
2.299465e-03
2.093990e-03
1.907011e-03
1.736837e-03
1.581943e-03
1.440937e-03
1.312562e-03
1.195678e-03
1.089245e-03
9.923214e-04
9.041114e-04
8.236929e-04
7.503917e-04
6.837193e-04
6.229665e-04
5.676218e-04
5.172058e-04
4.712744e-04
4.294285e-04
3.913046e-04
3.565698e-04
3.249210e-04
2.960855e-04
2.698111e-04
2.458707e-04
2.240564e-04
2.041786e-04
1.860659e-04
1.695616e-04
1.545213e-04
1.408158e-04
1.283260e-04
1.169456e-04
1.065748e-04
9.712338e-05
8.851069e-05
8.066240e-05
7.350921e-05
6.699175e-05
6.105084e-05
5.563876e-05
5.070447e-05
4.620913e-05
4.211297e-05
3.837824e-05
3.497568e-05
3.187506e-05
2.904929e-05
2.647352e-05
2.412695e-05
2.198722e-05
2.003864e-05
1.826127e-05
1.664358e-05
1.516767e-05
1.382210e-05
1.259787e-05
1.148027e-05
1.046262e-05
9.535517e-06
8.690325e-06
7.919418e-06
7.217318e-06
6.578184e-06
5.994016e-06
5.463289e-06
4.978607e-06
4.537890e-06
2.650284e+00
1.043940e+00
3.122503e-01
5.272165e-02
1.350238e-02
1.175354e-02
1.084127e-02
1.000505e-02
9.236365e-03
8.529296e-03
7.878506e-03
7.279185e-03
6.726987e-03
6.217973e-03
5.748568e-03
5.315529e-03
4.915896e-03
4.546333e-03
4.205917e-03
3.891285e-03
3.600599e-03
3.331978e-03
3.083284e-03
2.853976e-03
2.642030e-03
2.445633e-03
2.263879e-03
2.096091e-03
1.940752e-03
1.797024e-03
1.664024e-03
1.540939e-03
1.427019e-03
1.321575e-03
1.223966e-03
1.133391e-03
1.049849e-03
9.724003e-04
9.006904e-04
8.342895e-04
7.728021e-04
7.158601e-04
6.630296e-04
6.142156e-04
5.689908e-04
5.271041e-04
4.882392e-04
4.523421e-04
4.190593e-04
3.882290e-04
3.596719e-04
3.332183e-04
3.087130e-04
2.860127e-04
2.649824e-04
2.455021e-04
2.274539e-04
2.107347e-04
1.952442e-04
1.809189e-04
1.676107e-04
1.552936e-04
1.438817e-04
1.333092e-04
1.235141e-04
1.144391e-04
1.060307e-04
9.824145e-05
9.102309e-05
8.433704e-05
7.814089e-05
7.240034e-05
6.708246e-05
6.215475e-05
5.758960e-05
5.335846e-05
4.944015e-05
4.580855e-05
4.244345e-05
3.932598e-05
3.643760e-05
3.376151e-05
3.128227e-05
2.898438e-05
2.685591e-05
2.488280e-05
2.305628e-05
2.136205e-05
1.979412e-05
1.833969e-05
1.699296e-05
1.574532e-05
1.458853e-05
1.351704e-05
1.252492e-05
1.160466e-05
1.075267e-05
9.962676e-06
9.231543e-06
8.553619e-06
7.925056e-06
7.342758e-06
6.804362e-06
6.304262e-06
5.840975e-06
5.412672e-06
