1.270134e+03
9.936101e+02
7.567862e+02
5.518007e+02
3.773100e+02
2.499512e+02
1.733983e+02
1.351613e+02
1.118956e+02
9.207335e+01
7.264934e+01
5.513219e+01
4.046934e+01
2.724480e+01
1.726764e+01
9.540981e+00
4.417443e+00
1.763965e+00
4.849997e-01
4.220231e-02
5.130107e-04
9.699238e-08
1.983753e+02
2.338645e+02
2.681945e+02
2.978658e+02
3.107064e+02
3.130221e+02
3.032418e+02
2.899627e+02
2.740344e+02
2.583147e+02
2.411746e+02
2.260837e+02
2.103347e+02
1.954554e+02
1.813004e+02
1.672344e+02
1.526277e+02
1.398620e+02
1.266852e+02
1.146135e+02
1.036926e+02
9.256507e+01
8.227635e+01
7.203108e+01
6.224139e+01
5.394015e+01
4.598767e+01
3.820425e+01
3.125313e+01
2.487813e+01
1.893247e+01
1.377727e+01
9.481873e+00
5.998427e+00
3.297691e+00
1.563847e+00
6.628854e-01
3.746372e-01
3.372804e-01
3.319525e-01
3.269129e-01
3.216301e-01
3.161370e-01
3.105197e-01
3.047826e-01
2.989202e-01
2.930292e-01
2.870836e-01
2.810493e-01
2.750457e-01
2.690324e-01
2.629388e-01
2.569086e-01
2.509149e-01
2.448332e-01
2.388163e-01
2.328945e-01
2.268819e-01
2.208921e-01
2.150588e-01
2.091714e-01
2.032237e-01
1.974532e-01
1.917336e-01
1.858782e-01
1.801210e-01
1.745525e-01
1.688804e-01
1.631343e-01
1.576117e-01
1.521757e-01
1.465557e-01
1.409800e-01
1.356697e-01
1.303268e-01
1.247903e-01
1.193990e-01
1.142667e-01
1.090154e-01
1.035826e-01
9.835805e-02
9.338413e-02
8.824417e-02
8.292070e-02
7.783247e-02
7.301438e-02
6.802371e-02
6.282034e-02
5.784448e-02
5.320060e-02
4.843790e-02
4.342247e-02
3.859251e-02
3.420425e-02
2.986363e-02
2.527660e-02
2.080511e-02
1.691818e-02
1.342345e-02
9.786618e-03
6.042515e-03
2.870437e-03
9.646934e-04
2.348500e-04
4.790721e-05
9.204577e-06
1.757954e-06
3.383081e-07
7.094294e-08
2.625245e-08
3.576633e-09
1.614378e-08
6.876427e-09
1.110887e+22
3.009277e+21
1.075032e+21
4.217616e+20
1.518538e+20
5.463946e+19
1.981329e+19
7.694856e+18
2.776655e+18
9.983626e+17
3.637936e+17
1.411501e+17
5.074377e+16
1.824570e+16
6.744357e+15
2.579461e+15
9.273504e+14
3.334535e+14
1.292097e+14
4.713877e+13
1.694753e+13
6.119748e+12
2.368105e+12
8.614484e+11
3.097216e+11
1.118436e+11
4.338591e+10
1.574338e+10
5.683473e+09
2.044270e+09
7.929748e+08
2.877624e+08
1.038967e+08
3.738051e+07
1.457918e+07
5.267206e+06
1.902762e+06
6.850020e+05
2.684730e+05
9.742744e+04
3.526142e+04
1.290051e+04
5.082774e+03
1.887636e+03
6.959503e+02
2.867293e+02
1.213537e+02
5.239777e+01
2.077162e+01
6.627089e+00
1.936151e+00
2.987924e-01
2.425167e-02
2.936741e-04
4.086074e-07
1.099723e-08
2.275471e-09
3.982646e-09
7.082893e-09
8.763336e-09
3.044777e-09
1.645277e-09
2.723580e+00
1.044333e+00
2.736189e-01
2.756339e-02
5.116889e-04
3.634421e-05
7.018617e-06
1.366438e-06
2.675765e-07
5.340971e-08
1.120913e-08
4.004060e-09
2.740769e+00
1.050927e+00
2.731978e-01
2.768769e-02
5.162803e-04
3.706514e-05
7.201652e-06
1.410497e-06
2.785256e-07
6.559766e-08
2.093611e-08
7.301651e-09
2.751239e+00
1.064395e+00
2.748262e-01
2.801234e-02
5.218035e-04
3.781632e-05
7.388973e-06
1.451177e-06
2.890241e-07
5.921866e-08
1.431039e-08
6.087852e-09
2.775558e+00
1.065205e+00
2.781658e-01
2.808163e-02
5.264298e-04
3.859739e-05
7.592061e-06
1.497079e-06
2.952701e-07
6.108026e-08
1.395743e-08
7.062488e-09
2.792064e+00
1.074293e+00
2.807415e-01
2.823061e-02
5.317763e-04
3.944868e-05
7.791813e-06
1.549312e-06
3.100729e-07
6.249776e-08
1.757647e-08
5.943695e-09
2.815676e+00
1.079637e+00
2.817050e-01
2.826517e-02
5.362388e-04
4.023066e-05
8.009001e-06
1.600923e-06
3.232995e-07
6.899018e-08
1.288512e-08
2.833685e+00
1.089006e+00
2.834412e-01
2.847838e-02
5.415561e-04
4.110292e-05
8.230328e-06
1.654034e-06
3.339691e-07
6.695360e-08
1.509984e-08
6.069027e-09
2.857340e+00
1.095497e+00
2.847408e-01
2.874965e-02
5.479258e-04
4.199976e-05
8.465545e-06
1.719467e-06
3.482725e-07
7.759153e-08
1.507567e-08
6.594505e-09
2.875058e+00
1.107647e+00
2.872216e-01
2.875558e-02
5.532417e-04
4.293498e-05
8.711541e-06
1.778425e-06
3.655838e-07
7.799174e-08
2.641905e-08
1.746829e-08
1.514412e-08
3.477409e-09
2.897445e+00
1.116440e+00
2.881723e-01
2.893042e-02
5.593002e-04
4.392442e-05
8.968572e-06
1.838397e-06
3.814902e-07
8.149692e-08
1.693853e-08
4.563016e-09
2.921448e+00
1.120244e+00
2.912513e-01
2.918720e-02
5.645478e-04
4.492299e-05
9.238104e-06
1.906553e-06
3.943101e-07
8.276494e-08
1.970755e-08
5.939645e-09
2.938785e+00
1.133358e+00
2.914688e-01
2.918533e-02
5.709327e-04
4.598465e-05
9.519633e-06
1.976290e-06
4.167189e-07
9.396166e-08
2.487625e-08
1.019138e-08
2.958357e+00
1.140390e+00
2.939206e-01
2.955846e-02
5.818333e-04
4.709098e-05
9.816279e-06
2.055223e-06
4.330460e-07
1.072591e-07
3.532474e-08
5.300890e-09
2.976452e+00
1.146060e+00
2.964659e-01
2.970697e-02
5.853083e-04
4.824179e-05
1.012208e-05
2.133704e-06
4.495116e-07
9.877379e-08
2.310520e-08
5.593318e-09
2.996548e+00
1.155440e+00
2.975572e-01
2.997373e-02
5.913188e-04
4.944562e-05
1.044934e-05
2.222721e-06
4.702062e-07
1.037522e-07
3.017967e-08
7.218027e-09
3.020477e+00
1.153791e+00
3.018673e-01
3.021731e-02
5.996288e-04
5.068065e-05
1.078984e-05
2.310713e-06
4.946255e-07
1.146397e-07
2.918740e-08
2.141776e-08
1.044913e-09
3.038289e+00
1.164361e+00
3.005996e-01
3.010704e-02
6.095888e-04
5.199317e-05
1.115739e-05
2.409803e-06
5.296233e-07
1.187225e-07
3.356586e-08
1.522929e-08
7.674889e-09
3.045590e+00
1.174494e+00
3.045750e-01
3.072497e-02
6.136466e-04
5.334861e-05
1.152852e-05
2.503361e-06
5.437964e-07
1.178247e-07
2.800463e-08
1.680629e-08
5.884337e-09
3.072985e+00
1.175716e+00
3.058523e-01
3.068990e-02
6.273825e-04
5.475129e-05
1.192159e-05
2.608710e-06
5.718034e-07
1.257951e-07
3.152322e-08
1.210364e-08
3.075347e+00
1.191002e+00
3.107201e-01
3.109199e-02
6.282181e-04
5.620046e-05
1.234343e-05
2.723694e-06
6.018774e-07
1.446043e-07
3.786663e-08
8.894321e-09
3.103879e+00
1.198044e+00
3.091076e-01
3.125009e-02
6.371843e-04
5.769450e-05
1.276485e-05
2.837303e-06
6.285955e-07
1.556723e-07
3.157989e-08
1.108970e-08
3.130792e+00
1.207572e+00
3.120509e-01
3.156144e-02
6.459560e-04
5.917936e-05
1.321430e-05
2.964390e-06
6.622286e-07
1.476740e-07
4.486741e-08
1.970671e-08
4.890035e-09
3.151178e+00
1.233162e+00
3.188784e-01
3.217503e-02
6.549332e-04
6.067766e-05
1.363730e-05
3.081305e-06
7.045064e-07
1.647334e-07
4.319989e-08
1.700808e-08
3.192942e+00
1.265177e+00
3.302502e-01
3.272326e-02
6.670346e-04
6.206776e-05
1.407072e-05
3.201747e-06
7.353226e-07
1.677882e-07
4.062752e-08
9.886941e-09
3.261215e+00
1.325133e+00
3.453644e-01
3.428237e-02
6.836690e-04
6.328417e-05
1.447478e-05
3.320439e-06
7.647154e-07
1.794924e-07
4.942311e-08
1.821920e-08
6.048207e-09
3.411479e+00
1.395584e+00
3.677696e-01
3.609090e-02
7.145873e-04
6.420674e-05
1.482364e-05
3.435258e-06
7.948233e-07
1.917543e-07
5.361829e-08
1.207173e-08
7.245704e-09
3.648528e+00
1.490230e+00
3.960064e-01
3.919672e-02
7.355856e-04
6.464267e-05
1.503989e-05
3.518945e-06
8.441125e-07
2.110083e-07
5.235970e-08
1.616485e-08
1.366886e-08
2.167253e-09
3.961689e+00
1.625229e+00
4.388689e-01
4.275566e-02
7.773106e-04
6.429531e-05
1.510754e-05
3.560563e-06
8.392001e-07
2.068929e-07
7.045598e-08
3.506814e-08
8.306284e-09
4.365548e+00
1.789314e+00
4.801823e-01
4.591333e-02
8.269545e-04
6.292868e-05
1.490501e-05
3.546713e-06
8.416254e-07
2.131341e-07
7.397901e-08
1.240894e-08
6.478609e-09
4.784245e+00
1.978857e+00
5.159137e-01
4.950673e-02
8.646270e-04
6.027890e-05
1.437040e-05
3.448932e-06
8.366985e-07
2.169406e-07
6.581368e-08
1.409824e-08
9.736082e-09
5.194189e+00
2.106617e+00
5.368946e-01
5.189697e-02
9.045808e-04
5.625503e-05
1.348698e-05
3.265417e-06
8.016349e-07
1.951581e-07
5.280721e-08
1.705869e-08
5.461099e+00
2.138655e+00
5.402282e-01
5.039315e-02
8.543378e-04
5.107410e-05
1.231197e-05
3.007177e-06
7.576448e-07
1.974790e-07
5.134155e-08
1.324097e-08
1.194186e-08
5.514045e+00
2.094352e+00
5.028983e-01
4.744286e-02
8.103223e-04
4.526802e-05
1.094093e-05
2.706935e-06
6.727114e-07
1.699653e-07
4.414769e-08
1.509735e-08
5.389060e+00
1.964187e+00
4.628960e-01
4.392146e-02
7.399857e-04
3.956851e-05
9.545506e-06
2.390164e-06
5.883703e-07
1.525560e-07
4.304533e-08
1.070282e-08
5.150501e+00
1.795335e+00
4.197851e-01
4.036400e-02
7.014539e-04
3.438637e-05
8.284265e-06
2.070278e-06
5.183668e-07
1.393184e-07
5.596854e-08
9.504367e-09
4.832512e+00
1.638642e+00
3.860660e-01
3.776381e-02
6.843505e-04
3.010669e-05
7.190812e-06
1.814072e-06
4.672522e-07
1.157502e-07
3.171076e-08
1.179181e-08
4.512584e+00
1.498281e+00
3.576403e-01
3.588384e-02
6.658696e-04
2.671494e-05
6.308297e-06
1.604653e-06
4.143187e-07
1.113959e-07
3.892549e-08
1.067881e-08
7.546517e-09
4.205699e+00
1.388087e+00
3.369560e-01
3.469971e-02
6.652111e-04
2.412119e-05
5.617682e-06
1.442227e-06
3.695496e-07
9.862798e-08
3.343251e-08
1.146551e-08
1.126981e-08
3.931712e+00
1.301807e+00
3.206880e-01
3.391583e-02
6.670545e-04
2.213334e-05
5.088524e-06
1.313743e-06
3.448253e-07
8.817586e-08
2.844679e-08
1.219194e-08
5.638464e-09
3.692340e+00
1.231462e+00
3.111367e-01
3.335913e-02
6.739773e-04
2.064538e-05
4.689370e-06
1.218825e-06
3.176000e-07
8.294110e-08
3.302120e-08
1.708896e-08
3.457184e-09
3.488215e+00
1.171951e+00
3.055051e-01
3.298751e-02
6.812440e-04
1.956559e-05
4.384163e-06
1.149873e-06
3.013897e-07
7.980784e-08
2.364512e-08
1.169391e-08
3.398477e-09
3.308678e+00
1.127420e+00
3.003379e-01
3.276215e-02
6.911336e-04
1.877428e-05
4.162029e-06
1.100130e-06
2.905766e-07
7.918023e-08
2.042768e-08
1.331246e-08
9.493409e-09
3.157823e+00
1.087634e+00
2.965534e-01
3.259026e-02
6.992770e-04
1.819378e-05
4.003067e-06
1.067092e-06
2.842949e-07
7.565413e-08
2.103944e-08
1.556861e-08
4.120934e-09
3.015679e+00
1.066212e+00
2.935570e-01
3.259115e-02
7.072319e-04
1.782044e-05
3.900149e-06
1.049347e-06
2.813656e-07
7.608307e-08
2.275485e-08
7.490749e-09
2.900664e+00
1.039631e+00
2.913198e-01
3.240703e-02
7.134388e-04
1.758822e-05
3.846069e-06
1.040913e-06
2.844176e-07
7.643254e-08
2.223380e-08
5.723862e-09
2.794934e+00
1.022483e+00
2.899807e-01
3.235803e-02
7.198830e-04
1.750561e-05
3.832426e-06
1.048004e-06
2.873111e-07
7.825116e-08
2.138425e-08
7.001862e-09
2.706354e+00
1.007132e+00
2.879590e-01
3.227051e-02
7.353723e-04
1.753144e-05
3.859840e-06
1.066031e-06
2.935975e-07
8.194833e-08
2.545307e-08
1.093396e-08
5.801757e-09
2.626175e+00
9.976421e-01
2.868762e-01
3.213499e-02
7.292117e-04
1.768826e-05
3.929830e-06
1.095251e-06
3.052111e-07
8.505988e-08
2.687574e-08
8.161985e-09
2.559132e+00
9.870240e-01
2.855370e-01
3.210456e-02
7.342836e-04
1.796742e-05
4.043548e-06
1.138537e-06
3.202182e-07
9.081837e-08
2.605392e-08
7.301665e-09
2.500459e+00
9.824765e-01
2.844526e-01
3.204662e-02
7.358320e-04
1.839613e-05
4.207432e-06
1.197366e-06
3.397252e-07
9.758239e-08
2.791071e-08
1.035753e-08
2.447866e-09
2.452956e+00
9.773223e-01
2.844415e-01
3.199920e-02
7.380026e-04
1.900418e-05
4.432588e-06
1.274842e-06
3.662702e-07
1.049675e-07
3.259611e-08
9.619396e-09
2.414698e+00
9.786578e-01
2.846307e-01
3.198933e-02
7.420587e-04
1.987639e-05
4.743991e-06
1.378038e-06
4.012947e-07
1.161787e-07
3.513595e-08
9.811658e-09
2.391092e+00
9.813333e-01
2.849927e-01
3.198196e-02
7.477269e-04
2.108780e-05
5.164805e-06
1.518336e-06
4.466178e-07
1.312925e-07
3.918646e-08
1.247423e-08
4.589439e-09
2.383320e+00
9.884439e-01
2.851289e-01
3.198511e-02
7.537913e-04
2.275509e-05
5.742697e-06
1.709217e-06
5.085065e-07
1.513261e-07
4.529967e-08
1.333817e-08
4.670699e-09
2.386914e+00
1.008169e+00
2.884236e-01
3.208809e-02
7.679714e-04
2.520974e-05
6.567839e-06
1.980384e-06
5.962176e-07
1.797018e-07
5.420549e-08
1.629381e-08
5.391417e-09
2.423401e+00
1.025253e+00
2.923813e-01
3.242315e-02
7.857788e-04
2.869373e-05
7.743748e-06
2.364616e-06
7.220342e-07
2.202725e-07
6.762338e-08
2.051015e-08
6.975649e-09
2.482693e+00
1.057402e+00
2.961333e-01
3.272567e-02
8.111993e-04
3.357411e-05
9.389608e-06
2.906079e-06
9.005121e-07
2.779512e-07
8.692075e-08
2.675358e-08
8.339451e-09
2.574679e+00
1.091449e+00
3.018675e-01
3.314347e-02
8.477406e-04
4.013941e-05
1.162332e-05
3.651541e-06
1.146147e-06
3.606066e-07
1.130861e-07
3.540266e-08
1.209791e-08
3.689627e-09
2.687411e+00
1.120796e+00
3.045176e-01
3.365368e-02
8.915961e-04
4.823073e-05
1.443998e-05
4.607321e-06
1.469286e-06
4.685219e-07
1.498246e-07
4.759565e-08
1.531664e-08
4.993433e-09
2.796663e+00
1.133064e+00
3.079777e-01
3.376647e-02
9.331954e-04
5.743406e-05
1.771123e-05
5.744006e-06
1.862552e-06
6.032947e-07
1.956237e-07
6.362526e-08
2.065882e-08
7.097309e-09
2.873802e+00
1.133885e+00
3.053004e-01
3.409889e-02
9.928241e-04
6.772407e-05
2.149213e-05
7.092326e-06
2.339854e-06
7.718099e-07
2.543615e-07
8.432193e-08
2.771694e-08
9.401892e-09
2.912938e+00
1.125761e+00
3.029195e-01
3.405804e-02
1.027762e-03
7.940452e-05
2.591084e-05
8.711377e-06
2.926429e-06
9.835017e-07
3.300903e-07
1.112131e-07
3.705035e-08
1.255052e-08
4.788849e-09
2.910796e+00
1.117820e+00
3.028206e-01
3.427464e-02
1.073755e-03
9.421488e-05
3.158533e-05
1.082834e-05
3.710040e-06
1.270451e-06
4.353967e-07
1.489659e-07
5.126770e-08
1.763109e-08
5.980159e-09
2.892961e+00
1.119938e+00
3.005058e-01
3.424936e-02
1.128910e-03
1.138212e-04
3.915754e-05
1.370504e-05
4.793324e-06
1.675998e-06
5.862650e-07
2.047665e-07
7.169185e-08
2.508303e-08
8.671420e-09
2.872462e+00
1.117652e+00
3.039060e-01
3.457095e-02
1.196306e-03
1.408760e-04
4.976491e-05
1.780376e-05
6.364467e-06
2.274230e-06
8.129872e-07
2.901684e-07
1.038683e-07
3.722764e-08
1.321793e-08
4.867229e-09
2.868199e+00
1.120604e+00
3.054491e-01
3.464266e-02
1.297077e-03
1.794451e-04
6.510915e-05
2.384242e-05
8.722950e-06
3.190404e-06
1.166459e-06
4.268068e-07
1.559030e-07
5.718008e-08
2.078523e-08
7.618770e-09
2.866163e+00
1.137474e+00
3.104482e-01
3.536431e-02
1.418862e-03
2.365543e-04
8.825610e-05
3.313151e-05
1.242436e-05
4.657324e-06
1.745591e-06
6.542205e-07
2.452201e-07
9.179302e-08
3.459321e-08
1.280014e-08
4.770147e-09
2.880448e+00
1.167325e+00
3.133472e-01
3.558872e-02
1.602686e-03
3.225796e-04
1.238983e-04
4.776563e-05
1.839177e-05
7.078192e-06
2.723692e-06
1.047848e-06
4.032523e-07
1.552435e-07
5.955972e-08
2.298740e-08
8.739370e-09
2.921420e+00
1.197594e+00
3.240024e-01
3.697094e-02
1.933969e-03
4.579763e-04
1.813989e-04
7.196821e-05
2.851060e-05
1.128791e-05
4.468184e-06
1.768501e-06
6.998962e-07
2.769994e-07
1.098043e-07
4.339297e-08
1.724097e-08
6.718091e-09
2.976879e+00
1.247247e+00
3.319103e-01
3.805713e-02
2.382897e-03
6.762008e-04
2.768978e-04
1.133351e-04
4.630699e-05
1.890673e-05
7.717143e-06
3.149562e-06
1.285221e-06
5.246188e-07
2.140683e-07
8.731390e-08
3.558664e-08
1.461174e-08
5.957370e-09
3.050385e+00
1.288217e+00
3.508841e-01
4.103656e-02
3.187401e-03
1.038159e-03
4.407175e-04
1.866635e-04
7.889521e-05
3.331657e-05
1.406374e-05
5.935837e-06
2.505138e-06
1.057219e-06
4.462167e-07
1.882633e-07
7.949522e-08
3.354544e-08
1.410583e-08
6.113931e-09
3.138225e+00
1.342271e+00
3.637115e-01
4.380369e-02
4.344614e-03
1.646959e-03
7.271939e-04
3.199209e-04
1.403921e-04
6.154271e-05
2.696525e-05
1.181268e-05
5.174232e-06
2.266425e-06
9.927580e-07
4.346046e-07
1.906067e-07
8.329586e-08
3.667120e-08
1.599068e-08
6.968803e-09
3.211076e+00
1.392964e+00
3.829262e-01
4.841674e-02
6.467663e-03
2.682152e-03
1.235372e-03
5.675215e-04
2.597533e-04
1.187370e-04
5.424492e-05
2.477501e-05
1.131413e-05
5.166553e-06
2.359192e-06
1.077347e-06
4.919144e-07
2.246344e-07
1.024572e-07
4.700187e-08
2.133256e-08
9.723153e-09
3.288409e+00
1.422918e+00
3.967948e-01
5.507269e-02
9.814185e-03
4.441667e-03
2.152337e-03
1.036314e-03
4.974259e-04
2.384105e-04
1.141870e-04
5.467161e-05
2.617202e-05
1.252798e-05
5.996615e-06
2.870271e-06
1.373789e-06
6.575916e-07
3.147687e-07
1.506443e-07
7.211331e-08
3.449589e-08
1.653347e-08
3.326439e+00
1.455937e+00
4.135823e-01
6.356273e-02
1.504618e-02
7.447359e-03
3.807615e-03
1.935170e-03
9.802970e-04
4.960493e-04
2.505803e-04
1.265699e-04
6.391801e-05
3.227524e-05
1.629639e-05
8.228161e-06
4.154424e-06
2.097528e-06
1.059128e-06
5.345568e-07
2.700294e-07
1.363478e-07
6.885299e-08
3.463292e-08
3.392834e+00
1.460234e+00
4.248962e-01
7.406561e-02
2.316360e-02
1.239141e-02
6.732309e-03
3.632842e-03
1.956250e-03
1.051018e-03
5.641423e-04
3.026563e-04
1.623285e-04
8.705177e-05
4.667953e-05
2.502989e-05
1.342073e-05
7.196186e-06
3.858403e-06
2.068835e-06
1.109192e-06
5.948373e-07
3.188139e-07
1.709913e-07
9.164547e-08
4.930030e-08
3.437240e+00
1.469844e+00
4.328314e-01
9.122564e-02
3.498251e-02
2.024356e-02
1.176087e-02
6.783752e-03
3.903332e-03
2.242086e-03
1.286317e-03
7.376021e-04
4.228188e-04
2.423287e-04
1.388702e-04
7.957686e-05
4.559835e-05
2.612763e-05
1.497113e-05
8.578202e-06
4.915252e-06
2.816258e-06
1.613679e-06
9.246588e-07
5.298683e-07
3.034841e-07
1.739675e-07
9.964306e-08
3.467915e+00
1.462223e+00
4.421684e-01
1.102874e-01
5.091771e-02
3.174286e-02
1.974911e-02
1.222376e-02
7.554884e-03
4.653143e-03
2.868713e-03
1.766178e-03
1.086971e-03
6.688087e-04
4.114573e-04
2.531103e-04
1.556940e-04
9.576793e-05
5.890575e-05
3.623209e-05
2.228555e-05
1.370727e-05
8.430949e-06
5.185702e-06
3.189470e-06
1.961985e-06
1.206631e-06
7.421172e-07
4.565228e-07
2.807228e-07
1.727172e-07
3.470256e+00
1.446674e+00
4.489595e-01
1.299312e-01
7.038320e-02
4.704351e-02
3.139073e-02
2.088413e-02
1.387094e-02
9.191734e-03
6.087518e-03
4.026280e-03
2.667345e-03
1.762891e-03
1.166219e-03
7.712354e-04
5.099908e-04
3.372227e-04
2.229757e-04
1.474313e-04
9.747995e-05
6.445201e-05
4.261455e-05
2.817566e-05
1.862898e-05
1.231700e-05
8.143703e-06
5.384319e-06
3.560026e-06
2.353749e-06
1.556231e-06
1.028952e-06
6.802329e-07
4.499472e-07
2.974086e-07
3.500313e+00
1.415345e+00
4.427240e-01
1.478360e-01
9.052537e-02
6.453795e-02
4.610610e-02
3.285352e-02
2.338293e-02
1.662078e-02
1.179997e-02
8.375382e-03
5.944362e-03
4.216226e-03
2.990291e-03
2.120592e-03
1.503712e-03
1.066219e-03
7.559800e-04
5.359954e-04
3.800172e-04
2.694254e-04
1.910160e-04
1.354246e-04
9.601134e-05
6.806861e-05
4.825800e-05
3.421305e-05
2.425565e-05
1.719621e-05
1.219136e-05
8.643160e-06
6.127891e-06
4.344179e-06
3.079904e-06
2.183540e-06
1.547862e-06
1.097484e-06
7.780944e-07
5.516484e-07
3.531687e+00
1.351171e+00
4.335784e-01
1.607784e-01
1.078323e-01
8.173449e-02
6.216437e-02
4.703240e-02
3.556538e-02
2.687473e-02
2.031303e-02
1.537639e-02
1.161465e-02
8.781379e-03
6.637622e-03
5.016294e-03
3.788775e-03
2.863567e-03
2.163726e-03
1.634870e-03
1.235247e-03
9.332901e-04
7.051370e-04
5.327535e-04
4.025088e-04
3.041040e-04
2.297561e-04
1.735841e-04
1.311452e-04
9.908182e-05
7.485749e-05
5.655546e-05
4.272833e-05
3.228148e-05
2.438909e-05
1.842607e-05
1.392109e-05
1.051749e-05
7.946167e-06
6.003275e-06
4.535519e-06
3.426622e-06
2.588815e-06
1.955937e-06
1.477712e-06
1.116471e-06
8.434389e-07
3.558291e+00
1.265467e+00
4.234873e-01
1.663683e-01
1.188434e-01
9.493275e-02
7.572062e-02
6.043415e-02
4.826754e-02
3.856822e-02
3.074816e-02
2.454626e-02
1.959830e-02
1.563802e-02
1.248031e-02
9.950591e-03
7.953226e-03
6.343738e-03
5.061595e-03
4.040414e-03
3.223624e-03
2.573453e-03
2.054285e-03
1.639473e-03
1.308505e-03
1.044345e-03
8.333658e-04
6.651267e-04
5.307982e-04
4.236543e-04
3.381223e-04
2.698577e-04
2.153754e-04
1.718922e-04
1.371881e-04
1.094903e-04
8.738501e-05
6.974211e-05
5.566151e-05
4.442369e-05
3.545466e-05
2.829652e-05
2.258336e-05
1.802412e-05
1.438493e-05
1.148075e-05
9.162861e-06
7.312789e-06
5.836476e-06
4.657952e-06
3.717736e-06
2.967005e-06
2.367879e-06
1.889991e-06
1.508298e-06
3.609407e+00
1.337754e+00
4.102213e-01
1.631136e-01
1.207363e-01
1.007307e-01
8.411577e-02
7.014993e-02
5.856819e-02
4.875544e-02
4.071332e-02
3.397494e-02
2.832806e-02
2.364415e-02
1.974520e-02
1.647692e-02
1.376929e-02
1.151284e-02
9.596028e-03
8.015183e-03
6.693086e-03
5.586146e-03
4.664959e-03
3.894883e-03
3.251918e-03
2.715087e-03
2.266872e-03
1.892647e-03
1.580199e-03
1.319434e-03
1.101010e-03
9.193892e-04
7.676089e-04
6.408856e-04
5.352185e-04
4.468446e-04
3.730753e-04
3.114844e-04
2.600616e-04
2.171279e-04
1.812822e-04
1.513546e-04
1.263672e-04
1.055053e-04
8.808752e-05
7.354494e-05
6.140332e-05
5.126644e-05
4.280277e-05
3.573625e-05
2.983699e-05
2.491066e-05
2.079836e-05
1.736465e-05
1.449818e-05
1.210461e-05
1.010601e-05
8.437772e-06
7.044618e-06
5.881888e-06
4.910640e-06
4.100077e-06
3.423081e-06
2.858024e-06
2.386243e-06
1.992062e-06
3.759508e+00
1.414477e+00
3.882377e-01
1.513297e-01
1.147071e-01
9.900884e-02
8.549423e-02
7.376381e-02
6.363292e-02
5.509220e-02
4.758365e-02
4.114270e-02
3.554394e-02
3.073454e-02
2.656172e-02
2.296222e-02
1.985738e-02
1.718595e-02
1.484840e-02
1.285322e-02
1.112031e-02
9.621390e-03
8.320852e-03
7.195352e-03
6.226614e-03
5.387417e-03
4.661249e-03
4.031988e-03
3.488830e-03
3.017798e-03
2.611374e-03
2.259402e-03
1.954873e-03
1.690720e-03
1.463127e-03
1.265924e-03
1.094136e-03
9.471514e-04
8.194942e-04
7.086389e-04
6.131623e-04
5.302461e-04
4.588773e-04
3.970301e-04
3.435192e-04
2.972195e-04
2.571610e-04
2.225009e-04
1.925127e-04
1.665660e-04
1.441165e-04
1.246927e-04
1.078868e-04
9.334592e-05
8.076502e-05
6.987965e-05
6.046136e-05
5.231240e-05
4.526206e-05
3.916150e-05
3.388354e-05
2.931650e-05
2.536561e-05
2.194657e-05
1.898907e-05
1.642942e-05
1.421514e-05
1.229935e-05
1.064160e-05
9.207299e-06
7.966320e-06
6.892811e-06
5.963664e-06
5.159995e-06
4.464558e-06
3.862666e-06
3.342263e-06
2.891728e-06
4.014256e+00
1.443089e+00
3.646598e-01
1.338593e-01
1.014449e-01
9.035640e-02
7.994543e-02
7.092202e-02
6.286083e-02
5.589580e-02
4.957980e-02
4.401566e-02
3.915569e-02
3.476585e-02
3.087354e-02
2.741999e-02
2.439918e-02
2.167958e-02
1.927458e-02
1.715499e-02
1.524041e-02
1.355281e-02
1.205144e-02
1.070527e-02
9.519772e-03
8.454877e-03
7.523194e-03
6.690482e-03
5.949347e-03
5.289255e-03
4.703526e-03
4.182793e-03
3.715875e-03
3.305656e-03
2.938713e-03
2.613470e-03
2.324043e-03
2.064763e-03
1.836937e-03
1.633512e-03
1.451243e-03
1.291110e-03
1.148133e-03
1.020990e-03
9.079270e-04
8.068636e-04
7.176125e-04
6.381457e-04
5.674796e-04
5.046386e-04
4.487568e-04
3.990632e-04
3.548724e-04
3.155754e-04
2.806300e-04
2.495540e-04
2.219198e-04
1.973454e-04
1.754922e-04
1.560591e-04
1.387779e-04
1.234103e-04
1.097444e-04
9.759194e-05
8.678532e-05
7.717483e-05
6.862895e-05
6.102960e-05
5.427132e-05
4.826164e-05
4.291018e-05
3.816084e-05
3.393510e-05
3.017736e-05
2.683556e-05
2.386420e-05
2.122151e-05
1.887135e-05
1.678193e-05
1.492345e-05
1.327086e-05
1.180144e-05
1.049466e-05
9.332358e-06
8.299043e-06
7.380187e-06
6.562838e-06
5.835947e-06
5.189895e-06
4.615198e-06
4.103941e-06
3.649673e-06
