1.278896e+03
9.997130e+02
7.643943e+02
5.578033e+02
3.841208e+02
2.583530e+02
1.832316e+02
1.450860e+02
1.199364e+02
9.830478e+01
7.734070e+01
5.960273e+01
4.376455e+01
3.056097e+01
1.957770e+01
1.139412e+01
5.783965e+00
2.469290e+00
8.451243e-01
1.012968e-01
3.266664e-03
6.501390e-06
4.217311e-08
1.904208e+02
2.243318e+02
2.575044e+02
2.862714e+02
3.010692e+02
3.037753e+02
2.936359e+02
2.803706e+02
2.642517e+02
2.475623e+02
2.308304e+02
2.155756e+02
1.995994e+02
1.857303e+02
1.698300e+02
1.568477e+02
1.430596e+02
1.296880e+02
1.174600e+02
1.063018e+02
9.497192e+01
8.432499e+01
7.437274e+01
6.494943e+01
5.572582e+01
4.737066e+01
3.945899e+01
3.234462e+01
2.598857e+01
1.982539e+01
1.437170e+01
1.009804e+01
6.482592e+00
3.610865e+00
1.783272e+00
7.690664e-01
4.057345e-01
3.415221e-01
3.322232e-01
3.270102e-01
3.216456e-01
3.160584e-01
3.103220e-01
3.044676e-01
2.984861e-01
2.924582e-01
2.863822e-01
2.802240e-01
2.740852e-01
2.679374e-01
2.617242e-01
2.555728e-01
2.494442e-01
2.432472e-01
2.371321e-01
2.310811e-01
2.249482e-01
2.188859e-01
2.129448e-01
2.069212e-01
2.009120e-01
1.950796e-01
1.892146e-01
1.832712e-01
1.775052e-01
1.718285e-01
1.660102e-01
1.602574e-01
1.547250e-01
1.491257e-01
1.434082e-01
1.378924e-01
1.325306e-01
1.269953e-01
1.214285e-01
1.161361e-01
1.109039e-01
1.054516e-01
1.000477e-01
9.494831e-02
8.984096e-02
8.449260e-02
7.923693e-02
7.430869e-02
6.935137e-02
6.413322e-02
5.901064e-02
5.425513e-02
4.951608e-02
4.450499e-02
3.955729e-02
3.504583e-02
3.070455e-02
2.613997e-02
2.158903e-02
1.756555e-02
1.402554e-02
1.042542e-02
6.664246e-03
3.335820e-03
1.194103e-03
3.052399e-04
6.364123e-05
1.232919e-05
2.348444e-06
4.548701e-07
9.667699e-08
2.674722e-08
1.096418e-08
7.129869e-09
1.485347e-08
2.847442e-08
3.046619e-08
1.668792e-08
9.805284e-09
5.653982e+21
1.651293e+21
6.060078e+20
2.355438e+20
8.504532e+19
3.059774e+19
1.110435e+19
4.305796e+18
1.554112e+18
5.591765e+17
2.039037e+17
7.897430e+16
2.840090e+16
1.021910e+16
3.800934e+15
1.443196e+15
5.190207e+14
1.867575e+14
7.238466e+13
2.637342e+13
9.485028e+12
3.427741e+12
1.327091e+12
4.829147e+11
1.736007e+11
6.264361e+10
2.425186e+10
8.825341e+09
3.185728e+09
1.144985e+09
4.445303e+08
1.613123e+08
5.823717e+07
2.093710e+07
8.153670e+06
2.953073e+06
1.066784e+06
3.837792e+05
1.502069e+05
5.456988e+04
1.979961e+04
7.239768e+03
2.862979e+03
1.057658e+03
3.907589e+02
1.627294e+02
6.643327e+01
2.966235e+01
1.009062e+01
3.390535e+00
6.715738e-01
7.671533e-02
1.922203e-03
1.903821e-06
1.508703e-08
1.598242e-08
1.368290e-08
7.123935e-10
1.460218e-09
3.717982e-09
2.792934e+00
1.088736e+00
2.856338e-01
2.888698e-02
5.422578e-04
3.768366e-05
7.300672e-06
1.425492e-06
2.831160e-07
6.233839e-08
2.328405e-08
2.886854e-09
2.818920e+00
1.094117e+00
2.864788e-01
2.908123e-02
5.480405e-04
3.848358e-05
7.503155e-06
1.475780e-06
2.939470e-07
6.424869e-08
1.543541e-08
7.239401e-09
2.841605e+00
1.093208e+00
2.908128e-01
2.933477e-02
5.527143e-04
3.929578e-05
7.707433e-06
1.527773e-06
3.044407e-07
6.216729e-08
1.519174e-08
1.403303e-08
1.661896e-09
2.859259e+00
1.108811e+00
2.898285e-01
2.951331e-02
5.610034e-04
4.014603e-05
7.932782e-06
1.588819e-06
3.206010e-07
6.527804e-08
1.534292e-08
6.527609e-09
2.882082e+00
1.114867e+00
2.923416e-01
2.966229e-02
5.647085e-04
4.104363e-05
8.151001e-06
1.631779e-06
3.287034e-07
6.859750e-08
1.544771e-08
7.710408e-09
2.899573e+00
1.126906e+00
2.943867e-01
2.978814e-02
5.716184e-04
4.195944e-05
8.392868e-06
1.692183e-06
3.423409e-07
7.090793e-08
1.496406e-08
3.237807e-09
2.927537e+00
1.128425e+00
2.976748e-01
2.991124e-02
5.773735e-04
4.292274e-05
8.637413e-06
1.753753e-06
3.609080e-07
8.130606e-08
1.562741e-08
4.694185e-09
2.943781e+00
1.139608e+00
2.995514e-01
3.022614e-02
5.839667e-04
4.391949e-05
8.898066e-06
1.822522e-06
3.761064e-07
8.767943e-08
1.949612e-08
4.293887e-09
2.962654e+00
1.150960e+00
2.992784e-01
3.028666e-02
5.905528e-04
4.496430e-05
9.180927e-06
1.893437e-06
4.009953e-07
8.965592e-08
2.114177e-08
3.932808e-09
2.978826e+00
1.162215e+00
2.992054e-01
3.052485e-02
6.002646e-04
4.605231e-05
9.463315e-06
1.971113e-06
4.099314e-07
8.526252e-08
2.744726e-08
4.283831e-09
2.997834e+00
1.167494e+00
3.042346e-01
3.085645e-02
6.292586e-04
4.718904e-05
9.758094e-06
2.037643e-06
4.342848e-07
1.002239e-07
2.782094e-08
1.040707e-08
3.010410e+00
1.175473e+00
3.055008e-01
3.091046e-02
6.123304e-04
4.837664e-05
1.007848e-05
2.122387e-06
4.542411e-07
9.864091e-08
3.929921e-08
1.715618e-08
2.094427e-09
3.036880e+00
1.172143e+00
3.107950e-01
3.119572e-02
6.210809e-04
4.959654e-05
1.040837e-05
2.203434e-06
4.684443e-07
1.059835e-07
3.168797e-08
1.032332e-08
2.361879e-09
3.052083e+00
1.181603e+00
3.093577e-01
3.148885e-02
6.354462e-04
5.087187e-05
1.075571e-05
2.300058e-06
4.967442e-07
1.074909e-07
2.288328e-08
7.797860e-09
3.065288e+00
1.191253e+00
3.135085e-01
3.153188e-02
6.341844e-04
5.220418e-05
1.112029e-05
2.391130e-06
5.136858e-07
1.150521e-07
2.528105e-08
1.565018e-08
8.364491e-09
3.081253e+00
1.197893e+00
3.146344e-01
3.184363e-02
6.436492e-04
5.358113e-05
1.150068e-05
2.497554e-06
5.488127e-07
1.198707e-07
2.638956e-08
9.184975e-09
3.107814e+00
1.197368e+00
3.182761e-01
3.195139e-02
6.508024e-04
5.495592e-05
1.189209e-05
2.594046e-06
5.672588e-07
1.291436e-07
3.656707e-08
1.844179e-08
5.257901e-09
3.112469e+00
1.219831e+00
3.201888e-01
3.224432e-02
6.600936e-04
5.635996e-05
1.228512e-05
2.700041e-06
5.960316e-07
1.378580e-07
3.912891e-08
1.482214e-08
3.708788e-09
3.138335e+00
1.234221e+00
3.247823e-01
3.286511e-02
6.758727e-04
5.773264e-05
1.269316e-05
2.821791e-06
6.336415e-07
1.422183e-07
3.471261e-08
7.642583e-09
3.168993e+00
1.257548e+00
3.327526e-01
3.349094e-02
6.877007e-04
5.904634e-05
1.309174e-05
2.924861e-06
6.658462e-07
1.543379e-07
3.376486e-08
8.576091e-09
3.216294e+00
1.305192e+00
3.407332e-01
3.401822e-02
6.927377e-04
6.018227e-05
1.344374e-05
3.033685e-06
6.872804e-07
1.620099e-07
3.818342e-08
2.178344e-08
1.622647e-08
4.275784e-09
3.318329e+00
1.360426e+00
3.618642e-01
3.614485e-02
7.126813e-04
6.108444e-05
1.374842e-05
3.136825e-06
7.213488e-07
1.697942e-07
4.748273e-08
1.735039e-08
7.004311e-09
3.504239e+00
1.434147e+00
3.833671e-01
3.802786e-02
7.355760e-04
6.144845e-05
1.396221e-05
3.204554e-06
7.469704e-07
1.908368e-07
3.994921e-08
2.267334e-08
1.232774e-08
1.317671e-09
3.758970e+00
1.550407e+00
4.109450e-01
4.082537e-02
7.774563e-04
6.115785e-05
1.401055e-05
3.239844e-06
7.726623e-07
2.003841e-07
4.413765e-08
2.843508e-08
8.421346e-09
4.091687e+00
1.695162e+00
4.516266e-01
4.437927e-02
8.021237e-04
6.003581e-05
1.386546e-05
3.233440e-06
7.586489e-07
1.988724e-07
6.872139e-08
2.032181e-08
5.866142e-09
4.487749e+00
1.852764e+00
4.922887e-01
4.782120e-02
8.484585e-04
5.778721e-05
1.343261e-05
3.166360e-06
7.512934e-07
1.840284e-07
4.719099e-08
3.587257e-08
1.720599e-08
1.156106e-08
6.485418e-09
4.900974e+00
1.993271e+00
5.177671e-01
5.070909e-02
8.713646e-04
5.432635e-05
1.270710e-05
3.046449e-06
7.399693e-07
1.966654e-07
5.384961e-08
2.354443e-08
5.219468e+00
2.081575e+00
5.252916e-01
5.081111e-02
8.777907e-04
4.995259e-05
1.171961e-05
2.829506e-06
7.107969e-07
1.874945e-07
6.051406e-08
4.951992e-08
1.802580e-08
5.384264e+00
2.078473e+00
5.090759e-01
4.883551e-02
8.695215e-04
4.504427e-05
1.055554e-05
2.552647e-06
6.294851e-07
1.707661e-07
4.734101e-08
2.378245e-08
2.672124e-09
5.359980e+00
1.996160e+00
4.802924e-01
4.591030e-02
8.117555e-04
4.006605e-05
9.366950e-06
2.295330e-06
5.677893e-07
1.533449e-07
4.841943e-08
2.478886e-08
2.271991e-08
6.989453e-09
5.190624e+00
1.874761e+00
4.441957e-01
4.284953e-02
7.731455e-04
3.558239e-05
8.230383e-06
2.020191e-06
4.991519e-07
1.237293e-07
5.009551e-08
1.854025e-08
4.950803e+00
1.727332e+00
4.093083e-01
3.995866e-02
7.674474e-04
3.174955e-05
7.240115e-06
1.793549e-06
4.578207e-07
1.251256e-07
3.605409e-08
1.364122e-08
3.622483e-09
4.663034e+00
1.598037e+00
3.796722e-01
3.813109e-02
7.681165e-04
2.868695e-05
6.423244e-06
1.602363e-06
4.044229e-07
1.009282e-07
3.270822e-08
1.840527e-08
7.741486e-09
4.389255e+00
1.481041e+00
3.565290e-01
3.675817e-02
7.861236e-04
2.636124e-05
5.772330e-06
1.455849e-06
3.720887e-07
9.432918e-08
3.035817e-08
1.814386e-08
1.008826e-08
4.118772e+00
1.384875e+00
3.454400e-01
3.588205e-02
8.039846e-04
2.462694e-05
5.255798e-06
1.334622e-06
3.424214e-07
9.669125e-08
2.837774e-08
8.761351e-09
3.889761e+00
1.310732e+00
3.282506e-01
3.550469e-02
8.302615e-04
2.336855e-05
4.858200e-06
1.238859e-06
3.253636e-07
8.809845e-08
2.271677e-08
1.394664e-08
9.751722e-09
3.683293e+00
1.247368e+00
3.181011e-01
3.507717e-02
8.584584e-04
2.248675e-05
4.563047e-06
1.172644e-06
3.067588e-07
8.707296e-08
3.053808e-08
6.386834e-09
3.493404e+00
1.205280e+00
3.118517e-01
3.493536e-02
8.851714e-04
2.192133e-05
4.346475e-06
1.125434e-06
2.930829e-07
7.664670e-08
2.666951e-08
1.645053e-08
7.445804e-09
3.331955e+00
1.164751e+00
3.085633e-01
3.479086e-02
9.154853e-04
2.160164e-05
4.195451e-06
1.096759e-06
2.872673e-07
7.496770e-08
2.267500e-08
1.477325e-08
2.434411e-09
3.193570e+00
1.131130e+00
3.067716e-01
3.490026e-02
9.460619e-04
2.147211e-05
4.100118e-06
1.078394e-06
2.846934e-07
7.903908e-08
2.025166e-08
8.871660e-09
3.078458e+00
1.098431e+00
3.029984e-01
3.502556e-02
9.765449e-04
2.149367e-05
4.049114e-06
1.076344e-06
2.850961e-07
7.671807e-08
2.291587e-08
5.560009e-09
2.973418e+00
1.074826e+00
3.018845e-01
3.501189e-02
1.000278e-03
2.160649e-05
4.040818e-06
1.081327e-06
2.896472e-07
7.773046e-08
2.427910e-08
7.242672e-09
2.875456e+00
1.062316e+00
2.990947e-01
3.503404e-02
1.023398e-03
2.183489e-05
4.070479e-06
1.099394e-06
2.963217e-07
8.032334e-08
2.267582e-08
6.127134e-09
2.790266e+00
1.047815e+00
2.990934e-01
3.511393e-02
1.048904e-03
2.221168e-05
4.137819e-06
1.127275e-06
3.068782e-07
8.374328e-08
2.338208e-08
8.446112e-09
2.721425e+00
1.032343e+00
2.974641e-01
3.517561e-02
1.066029e-03
2.259694e-05
4.239870e-06
1.165351e-06
3.219228e-07
9.100879e-08
3.064245e-08
1.356263e-08
6.548479e-09
2.651436e+00
1.024636e+00
2.971502e-01
3.537290e-02
1.092231e-03
2.318686e-05
4.380360e-06
1.216733e-06
3.376230e-07
9.404140e-08
2.718439e-08
7.823292e-09
2.601035e+00
1.014451e+00
2.952559e-01
3.530041e-02
1.101323e-03
2.374350e-05
4.558989e-06
1.279377e-06
3.586521e-07
1.016037e-07
2.991772e-08
1.008252e-08
3.438784e-09
2.545281e+00
1.011194e+00
2.953068e-01
3.533519e-02
1.119791e-03
2.450412e-05
4.783032e-06
1.356517e-06
3.846605e-07
1.089848e-07
3.272742e-08
1.080219e-08
4.022320e-09
2.504783e+00
1.006420e+00
2.947992e-01
3.537115e-02
1.132222e-03
2.535160e-05
5.056813e-06
1.450212e-06
4.158507e-07
1.194054e-07
3.469624e-08
1.133623e-08
3.773822e-09
2.467788e+00
9.985067e-01
2.950866e-01
3.537656e-02
1.147503e-03
2.637562e-05
5.391339e-06
1.564178e-06
4.534030e-07
1.315645e-07
3.883973e-08
1.276877e-08
3.687546e-09
2.436603e+00
9.987518e-01
2.945878e-01
3.547544e-02
1.161578e-03
2.759757e-05
5.797396e-06
1.702467e-06
4.998405e-07
1.470969e-07
4.303545e-08
1.270393e-08
6.443073e-09
2.415636e+00
9.980923e-01
2.937112e-01
3.534424e-02
1.170946e-03
2.897952e-05
6.295794e-06
1.872141e-06
5.565865e-07
1.653880e-07
4.964436e-08
1.501583e-08
5.150518e-09
2.393505e+00
1.002650e+00
2.944068e-01
3.551000e-02
1.184832e-03
3.077416e-05
6.913179e-06
2.082673e-06
6.275586e-07
1.887333e-07
5.691287e-08
1.739028e-08
5.986051e-09
2.388796e+00
1.004551e+00
2.952725e-01
3.554859e-02
1.203312e-03
3.298335e-05
7.686476e-06
2.347111e-06
7.168676e-07
2.186878e-07
6.785856e-08
2.167096e-08
8.780591e-09
2.390623e+00
1.011517e+00
2.956590e-01
3.564039e-02
1.219650e-03
3.606429e-05
8.661665e-06
2.683187e-06
8.313495e-07
2.570764e-07
8.019267e-08
2.525250e-08
9.629724e-09
2.400972e+00
1.020853e+00
2.968550e-01
3.575151e-02
1.237626e-03
3.915575e-05
9.907226e-06
3.114439e-06
9.790371e-07
3.075317e-07
9.671570e-08
3.036959e-08
9.665433e-09
2.421261e+00
1.033980e+00
2.991027e-01
3.601914e-02
1.266754e-03
4.362107e-05
1.151588e-05
3.676568e-06
1.173523e-06
3.745218e-07
1.196550e-07
3.859263e-08
1.240901e-08
4.382677e-09
2.456228e+00
1.048046e+00
3.016700e-01
3.629142e-02
1.300433e-03
4.933094e-05
1.359629e-05
4.411838e-06
1.430995e-06
4.643757e-07
1.508133e-07
4.960210e-08
1.644662e-08
6.176176e-09
2.498901e+00
1.060106e+00
3.031578e-01
3.660345e-02
1.338334e-03
5.644918e-05
1.625451e-05
5.365563e-06
1.770542e-06
5.841480e-07
1.927161e-07
6.361877e-08
2.102610e-08
7.408058e-09
2.547540e+00
1.073093e+00
3.067367e-01
3.702969e-02
1.386182e-03
6.559624e-05
1.970212e-05
6.622619e-06
2.225023e-06
7.473538e-07
2.511020e-07
8.413142e-08
2.929539e-08
9.982927e-09
2.597697e+00
1.084667e+00
3.094837e-01
3.717735e-02
1.437300e-03
7.705461e-05
2.411997e-05
8.264685e-06
2.830459e-06
9.694483e-07
3.315787e-07
1.138569e-07
3.917579e-08
1.370121e-08
5.215264e-09
2.639572e+00
1.099905e+00
3.109151e-01
3.757564e-02
1.491298e-03
9.182520e-05
2.993956e-05
1.047133e-05
3.660073e-06
1.279160e-06
4.470949e-07
1.563036e-07
5.442484e-08
1.980084e-08
6.861944e-09
2.683640e+00
1.111159e+00
3.121223e-01
3.806223e-02
1.557766e-03
1.111251e-04
3.769034e-05
1.347342e-05
4.813508e-06
1.719069e-06
6.139905e-07
2.192407e-07
7.855076e-08
2.787347e-08
1.021338e-08
3.928801e-09
2.719828e+00
1.124999e+00
3.176944e-01
3.843223e-02
1.635647e-03
1.373129e-04
4.844522e-05
1.772842e-05
6.482823e-06
2.370081e-06
8.662124e-07
3.167204e-07
1.158548e-07
4.231108e-08
1.548833e-08
5.680044e-09
2.755951e+00
1.144788e+00
3.201475e-01
3.899510e-02
1.729690e-03
1.740620e-04
6.384676e-05
2.396049e-05
8.983832e-06
3.367325e-06
1.262114e-06
4.728704e-07
1.773355e-07
6.643155e-08
2.480601e-08
9.566983e-09
2.798534e+00
1.176644e+00
3.251329e-01
3.923304e-02
1.863019e-03
2.285932e-04
8.685107e-05
3.349084e-05
1.290118e-05
4.967637e-06
1.912470e-06
7.363170e-07
2.832575e-07
1.091710e-07
4.228095e-08
1.616443e-08
6.341807e-09
2.849701e+00
1.213577e+00
3.335524e-01
4.024379e-02
2.040902e-03
3.112932e-04
1.224633e-04
4.863845e-05
1.929300e-05
7.649328e-06
3.032020e-06
1.201871e-06
4.763178e-07
1.886990e-07
7.494534e-08
2.982143e-08
1.193491e-08
4.816437e-09
2.917187e+00
1.255627e+00
3.471463e-01
4.162432e-02
2.318264e-03
4.402732e-04
1.796182e-04
7.368376e-05
3.018113e-05
1.235456e-05
5.056206e-06
2.068952e-06
8.465236e-07
3.465290e-07
1.416316e-07
5.811196e-08
2.375742e-08
9.961700e-09
2.996378e+00
1.307039e+00
3.627320e-01
4.314635e-02
2.746129e-03
6.478600e-04
2.747349e-04
1.168162e-04
4.957865e-05
2.102594e-05
8.913946e-06
3.778410e-06
1.601492e-06
6.789241e-07
2.877074e-07
1.218192e-07
5.199631e-08
2.185280e-08
9.357943e-09
3.083435e+00
1.367960e+00
3.784307e-01
4.625590e-02
3.486630e-03
9.870098e-04
4.371786e-04
1.935101e-04
8.546706e-05
3.771167e-05
1.663278e-05
7.334740e-06
3.234089e-06
1.426083e-06
6.286610e-07
2.771082e-07
1.224606e-07
5.393625e-08
2.383944e-08
1.077890e-08
3.172184e+00
1.424151e+00
3.933954e-01
4.851676e-02
4.547529e-03
1.554263e-03
7.216581e-04
3.343255e-04
1.544705e-04
7.129839e-05
3.289040e-05
1.516911e-05
6.994980e-06
3.225434e-06
1.487012e-06
6.858510e-07
3.164265e-07
1.456858e-07
6.733797e-08
3.094908e-08
1.426799e-08
3.250383e+00
1.463101e+00
4.071531e-01
5.394939e-02
6.128838e-03
2.500489e-03
1.224764e-03
5.977135e-04
2.908665e-04
1.413500e-04
6.864520e-05
3.332585e-05
1.617647e-05
7.851678e-06
3.810647e-06
1.849575e-06
8.972580e-07
4.359538e-07
2.114162e-07
1.028088e-07
4.970812e-08
2.413218e-08
3.299372e+00
1.491585e+00
4.166217e-01
5.819675e-02
8.702254e-03
4.064802e-03
2.114571e-03
1.095076e-03
5.653817e-04
2.914493e-04
1.501203e-04
7.729227e-05
3.978700e-05
2.047881e-05
1.054016e-05
5.424354e-06
2.791774e-06
1.436660e-06
7.397662e-07
3.805207e-07
1.958215e-07
1.011220e-07
5.175731e-08
2.669143e-08
3.328554e+00
1.498036e+00
4.243216e-01
6.430674e-02
1.258864e-02
6.566617e-03
3.653195e-03
2.021634e-03
1.115371e-03
6.148348e-04
3.384919e-04
1.862606e-04
1.024656e-04
5.635954e-05
3.099712e-05
1.704737e-05
9.375313e-06
5.155875e-06
2.835290e-06
1.559182e-06
8.575854e-07
4.713557e-07
2.595427e-07
1.426318e-07
7.833087e-08
3.340016e+00
1.494789e+00
4.319660e-01
6.954135e-02
1.800907e-02
1.040380e-02
6.218056e-03
3.706091e-03
2.201067e-03
1.304779e-03
7.730136e-04
4.576662e-04
2.708717e-04
1.602853e-04
9.483554e-05
5.610774e-05
3.319334e-05
1.963687e-05
1.161670e-05
6.872159e-06
4.065548e-06
2.404926e-06
1.422628e-06
8.419369e-07
4.977631e-07
2.946687e-07
1.740603e-07
1.033196e-07
3.371121e+00
1.493373e+00
4.366499e-01
7.525034e-02
2.493164e-02
1.581807e-02
1.021138e-02
6.563697e-03
4.211589e-03
2.697837e-03
1.726531e-03
1.104268e-03
7.060095e-04
4.512769e-04
2.884085e-04
1.843031e-04
1.177684e-04
7.525023e-05
4.808153e-05
3.072132e-05
1.962901e-05
1.254122e-05
8.013012e-06
5.119828e-06
3.271469e-06
2.089739e-06
1.335582e-06
8.531595e-07
5.450305e-07
3.482728e-07
2.225894e-07
3.443769e+00
1.484237e+00
4.296331e-01
8.131477e-02
3.270380e-02
2.251365e-02
1.565070e-02
1.084823e-02
7.519124e-03
5.201602e-03
3.595484e-03
2.483949e-03
1.714844e-03
1.184157e-03
8.174332e-04
5.642143e-04
3.894043e-04
2.687410e-04
1.854597e-04
1.279836e-04
8.831832e-05
6.094556e-05
4.205608e-05
2.902124e-05
2.002614e-05
1.381902e-05
9.535934e-06
6.580133e-06
4.540784e-06
3.133199e-06
2.161952e-06
1.492156e-06
1.029589e-06
7.102504e-07
4.903483e-07
3.509268e+00
1.457421e+00
4.249779e-01
8.592474e-02
3.998680e-02
2.963446e-02
2.209899e-02
1.645093e-02
1.223901e-02
9.094205e-03
6.753068e-03
5.016738e-03
3.724545e-03
2.764612e-03
2.051771e-03
1.522563e-03
1.129760e-03
8.382444e-04
6.219216e-04
4.614097e-04
3.423158e-04
2.539566e-04
1.884022e-04
1.397683e-04
1.036880e-04
7.692082e-05
5.706350e-05
4.233241e-05
3.140414e-05
2.329695e-05
1.728250e-05
1.282100e-05
9.511201e-06
7.055766e-06
5.234296e-06
3.882864e-06
2.880580e-06
2.137087e-06
1.585049e-06
1.175912e-06
8.726579e-07
3.560412e+00
1.382859e+00
4.073202e-01
8.724887e-02
4.529276e-02
3.564928e-02
2.828837e-02
2.242527e-02
1.776950e-02
1.406593e-02
1.113459e-02
8.810912e-03
6.973180e-03
5.512998e-03
4.360349e-03
3.450310e-03
2.729163e-03
2.158649e-03
1.707341e-03
1.350353e-03
1.067985e-03
8.446495e-04
6.680090e-04
5.283035e-04
4.178128e-04
3.304281e-04
2.613186e-04
2.066622e-04
1.634378e-04
1.292531e-04
1.022186e-04
8.083848e-05
6.392982e-05
5.055827e-05
3.998327e-05
3.162008e-05
2.500652e-05
1.977572e-05
1.563957e-05
1.236817e-05
9.781276e-06
7.735413e-06
6.117414e-06
4.837457e-06
3.826022e-06
3.025846e-06
2.392773e-06
1.892479e-06
1.496542e-06
3.513279e+00
1.303212e+00
3.899139e-01
8.634655e-02
4.697358e-02
3.892781e-02
3.249469e-02
2.712234e-02
2.261664e-02
1.887401e-02
1.574826e-02
1.313874e-02
1.096143e-02
9.148870e-03
7.626309e-03
6.362797e-03
5.308881e-03
4.429282e-03
3.695138e-03
3.081246e-03
2.570855e-03
2.144656e-03
1.789111e-03
1.492507e-03
1.245073e-03
1.038660e-03
8.664660e-04
7.228187e-04
6.029864e-04
5.030201e-04
4.196265e-04
3.500581e-04
2.920239e-04
2.436104e-04
2.032230e-04
1.695313e-04
1.414255e-04
1.179792e-04
9.841963e-05
8.210337e-05
6.849160e-05
5.713638e-05
4.766455e-05
3.976203e-05
3.317010e-05
2.767084e-05
2.308356e-05
1.925656e-05
1.606392e-05
1.340102e-05
1.117936e-05
9.325706e-06
7.779830e-06
6.489682e-06
5.414222e-06
4.516405e-06
3.767649e-06
3.143026e-06
2.621824e-06
2.187551e-06
3.385626e+00
1.228860e+00
3.753379e-01
8.270119e-02
4.538796e-02
3.910564e-02
3.393111e-02
2.953944e-02
2.567681e-02
2.233509e-02
1.943631e-02
1.691432e-02
1.470265e-02
1.279527e-02
1.112978e-02
9.679043e-03
8.426548e-03
7.333425e-03
6.382271e-03
5.551045e-03
4.832868e-03
4.204145e-03
3.660537e-03
3.185289e-03
2.772590e-03
2.413257e-03
2.100513e-03
1.828314e-03
1.591400e-03
1.385194e-03
1.205713e-03
1.049492e-03
9.135167e-04
7.950413e-04
6.920443e-04
6.023864e-04
5.243450e-04
4.564155e-04
3.972872e-04
3.458194e-04
3.010191e-04
2.620234e-04
2.280796e-04
1.985327e-04
1.728142e-04
1.504275e-04
1.309405e-04
1.139782e-04
9.921299e-05
8.636092e-05
7.517378e-05
6.543572e-05
5.695884e-05
4.958050e-05
4.315808e-05
3.756698e-05
3.270055e-05
2.846462e-05
2.477763e-05
2.156724e-05
1.877398e-05
1.634182e-05
1.422497e-05
1.238208e-05
1.077823e-05
9.382118e-06
8.166894e-06
7.108593e-06
6.187791e-06
5.386348e-06
4.688427e-06
4.081411e-06
3.552611e-06
3.092432e-06
3.228725e+00
1.177405e+00
3.627573e-01
7.758768e-02
4.083309e-02
3.622673e-02
3.254402e-02
2.921944e-02
2.622964e-02
2.356228e-02
2.116592e-02
1.901503e-02
1.709236e-02
1.534984e-02
1.379490e-02
1.239799e-02
1.113911e-02
1.000962e-02
8.995564e-03
8.091680e-03
7.274493e-03
6.540634e-03
5.882339e-03
5.288798e-03
4.754728e-03
4.275672e-03
3.843793e-03
3.456978e-03
3.107761e-03
2.794988e-03
2.513478e-03
2.260346e-03
2.032728e-03
1.828949e-03
1.644498e-03
1.478677e-03
1.329932e-03
1.196051e-03
1.075653e-03
9.673793e-04
8.700080e-04
7.824411e-04
7.036892e-04
6.328663e-04
5.691729e-04
5.118910e-04
4.603748e-04
4.140443e-04
3.723769e-04
3.349030e-04
3.012011e-04
2.708908e-04
2.436310e-04
2.191149e-04
1.970655e-04
1.772350e-04
1.594009e-04
1.433607e-04
1.289350e-04
1.159608e-04
1.042926e-04
9.379783e-05
8.435991e-05
7.587124e-05
6.823625e-05
6.137076e-05
5.519530e-05
4.964143e-05
4.464634e-05
4.015405e-05
3.611355e-05
3.247981e-05
2.921149e-05
2.627214e-05
2.362863e-05
2.125115e-05
1.911307e-05
1.718975e-05
1.546017e-05
1.390426e-05
1.250540e-05
1.124700e-05
1.011516e-05
9.097831e-06
8.181957e-06
7.358759e-06
6.618537e-06
5.952335e-06
5.353618e-06
4.814685e-06
4.330521e-06
3.894371e-06
3.076434e+00
1.130829e+00
3.492159e-01
7.212249e-02
3.493390e-02
3.158824e-02
2.907546e-02
2.676201e-02
2.462870e-02
2.266308e-02
2.086188e-02
1.921366e-02
1.768684e-02
1.628861e-02
1.499915e-02
1.381336e-02
1.272417e-02
1.172074e-02
1.079468e-02
9.945128e-03
9.155107e-03
8.437817e-03
7.769557e-03
7.158413e-03
6.596306e-03
6.077932e-03
5.600431e-03
5.163094e-03
4.756799e-03
4.382471e-03
4.038747e-03
3.721803e-03
3.429780e-03
3.160712e-03
2.912788e-03
2.684341e-03
2.473837e-03
2.279862e-03
2.101114e-03
1.936396e-03
1.784605e-03
1.644723e-03
1.515932e-03
1.397114e-03
1.287627e-03
1.186726e-03
1.093736e-03
1.008037e-03
9.291375e-04
8.563129e-04
7.892251e-04
7.273958e-04
6.704119e-04
6.176493e-04
5.693798e-04
5.247788e-04
4.836723e-04
4.457862e-04
4.108689e-04
3.786866e-04
3.490257e-04
3.216888e-04
2.964929e-04
2.732712e-04
2.518685e-04
2.321414e-04
2.139605e-04
1.972034e-04
1.817589e-04
1.675239e-04
1.544038e-04
1.423116e-04
1.311664e-04
1.208940e-04
1.114263e-04
1.026995e-04
9.465719e-05
8.724395e-05
8.041154e-05
7.411425e-05
6.831016e-05
6.296049e-05
5.803011e-05
5.348550e-05
4.929687e-05
4.543619e-05
4.187814e-05
3.859865e-05
3.557604e-05
3.278948e-05
3.022217e-05
2.785547e-05
2.567367e-05
2.366360e-05
2.181019e-05
2.010223e-05
1.852793e-05
1.707726e-05
1.573966e-05
1.450718e-05
1.337116e-05
1.232394e-05
1.135886e-05
1.046945e-05
9.649315e-06
8.894129e-06
8.197251e-06
7.555604e-06
6.963396e-06
6.418563e-06
5.915819e-06
5.452477e-06
5.025535e-06
2.939175e+00
1.099653e+00
3.382133e-01
6.710444e-02
2.887411e-02
2.642004e-02
2.472320e-02
2.317808e-02
2.172098e-02
2.036147e-02
1.910412e-02
1.790256e-02
1.678798e-02
1.574247e-02
1.476509e-02
1.384137e-02
1.298003e-02
1.217541e-02
1.140645e-02
1.070359e-02
1.003486e-02
9.409095e-03
8.828768e-03
8.282606e-03
7.770447e-03
7.288499e-03
6.838821e-03
6.416409e-03
6.018858e-03
5.647785e-03
5.299434e-03
4.972327e-03
4.665629e-03
4.377911e-03
4.107993e-03
3.854766e-03
3.618071e-03
3.394747e-03
3.185593e-03
2.989353e-03
2.805229e-03
2.632466e-03
2.470068e-03
2.317992e-03
2.175285e-03
2.040669e-03
1.915219e-03
1.797342e-03
1.686728e-03
1.582930e-03
1.485526e-03
1.394122e-03
1.308347e-03
1.227855e-03
1.152318e-03
1.081241e-03
1.014804e-03
9.523834e-04
8.938042e-04
8.388306e-04
7.872402e-04
7.388239e-04
6.933875e-04
6.507460e-04
6.107283e-04
5.731723e-04
5.379266e-04
5.048493e-04
4.738070e-04
4.446731e-04
4.173317e-04
3.916715e-04
3.675900e-04
3.449890e-04
3.237785e-04
3.038717e-04
2.851896e-04
2.676556e-04
2.512006e-04
2.357571e-04
2.212629e-04
2.076603e-04
1.948940e-04
1.828009e-04
1.715972e-04
1.610480e-04
1.511477e-04
1.418559e-04
1.331352e-04
1.249508e-04
1.172700e-04
1.100607e-04
1.032950e-04
9.694521e-05
9.098559e-05
8.539251e-05
8.014341e-05
7.521660e-05
7.059325e-05
6.625358e-05
6.218084e-05
5.835850e-05
5.477117e-05
5.140417e-05
4.824464e-05
4.527887e-05
4.249549e-05
3.988323e-05
3.743165e-05
3.513085e-05
3.297123e-05
3.094465e-05
2.904207e-05
2.725716e-05
2.558161e-05
2.400924e-05
2.253353e-05
2.114778e-05
1.984831e-05
1.862819e-05
1.748320e-05
1.640828e-05
1.539987e-05
1.445325e-05
1.356460e-05
1.273096e-05
1.194842e-05
1.121385e-05
1.052487e-05
9.877566e-06
9.270305e-06
8.700910e-06
8.165779e-06
7.663845e-06
7.192834e-06
6.750503e-06
6.335849e-06
5.946009e-06
