1.023861e+02
7.000911e+01
4.137859e+01
2.435366e+01
1.438780e+01
6.644406e+00
3.413637e+00
2.202179e+00
8.549553e-01
2.199553e-01
2.091566e-02
6.627778e-04
1.109864e-06
9.556595e-11
9.253759e+19
2.808331e+19
1.062050e+19
4.108349e+18
1.389930e+18
5.499790e+17
1.887452e+17
7.602109e+16
2.769235e+16
9.994712e+15
3.734074e+15
1.428898e+15
5.108514e+14
1.827199e+14
6.823642e+13
2.611223e+13
9.335758e+12
3.339272e+12
1.247001e+12
4.771637e+11
1.706034e+11
6.102471e+10
2.352469e+10
8.719497e+09
3.117656e+09
1.115230e+09
4.298946e+08
1.593447e+08
5.697842e+07
2.038385e+07
7.857379e+06
2.912539e+06
1.041596e+06
3.727630e+05
1.437615e+05
5.333102e+04
1.908688e+04
6.836042e+03
2.638934e+03
9.831141e+02
3.547314e+02
1.286738e+02
5.020232e+01
1.885727e+01
6.973504e+00
2.817485e+00
1.118433e+00
3.751067e-01
1.012883e-01
1.061002e-02
4.771328e-04
1.254371e-06
3.827468e-11
6.293196e-12
2.052765e-11
1.077460e-11
5.914062e-12
4.011849e-12
1.146843e+00
6.989681e-01
5.190716e-01
4.218943e-01
3.398599e-01
2.405908e-01
1.362069e-01
5.018116e-02
8.038170e-03
2.587016e-04
2.950894e-07
9.970144e-12
1.242646e+00
7.587655e-01
5.668317e-01
4.541228e-01
3.656370e-01
2.579588e-01
1.466845e-01
5.409932e-02
8.808202e-03
2.768112e-04
3.136673e-07
2.791534e-11
1.392246e+00
8.391400e-01
6.197873e-01
4.994522e-01
4.022708e-01
2.847074e-01
1.566789e-01
5.859306e-02
9.435252e-03
2.974851e-04
3.327924e-07
1.844457e-12
1.559193e+00
9.501239e-01
6.996240e-01
5.585700e-01
4.430613e-01
3.121750e-01
1.729057e-01
6.441719e-02
9.986394e-03
3.165394e-04
3.539982e-07
4.433871e-11
1.755160e+00
1.093871e+00
8.086333e-01
6.481982e-01
5.178024e-01
3.711860e-01
2.052406e-01
7.536370e-02
1.130715e-02
3.538238e-04
3.856411e-07
4.647888e-11
2.076672e+00
1.406845e+00
1.125139e+00
9.448831e-01
7.724400e-01
5.799734e-01
3.297304e-01
1.219601e-01
2.005666e-02
6.114508e-04
6.583607e-07
5.704688e-11
3.097764e+00
2.196936e+00
1.870633e+00
1.593142e+00
1.269501e+00
8.908940e-01
4.972159e-01
1.794581e-01
2.842867e-02
1.056660e-03
1.336616e-06
2.413208e-11
4.110380e+00
2.840022e+00
1.959737e+00
1.294008e+00
8.604755e-01
5.248797e-01
2.713526e-01
9.241591e-02
1.363756e-02
3.875096e-04
3.649959e-07
3.497356e-11
2.772908e+00
1.356548e+00
8.583309e-01
6.457597e-01
4.968513e-01
3.395406e-01
1.821415e-01
6.305823e-02
9.203677e-03
2.437669e-04
1.995179e-07
9.081782e-12
1.805598e+00
9.591813e-01
7.286529e-01
5.889377e-01
4.551470e-01
3.135709e-01
1.688129e-01
5.810395e-02
8.370536e-03
2.096084e-04
1.596839e-07
3.846460e-12
1.464329e+00
8.724742e-01
7.031604e-01
5.707542e-01
4.405618e-01
3.034443e-01
1.641385e-01
5.647579e-02
8.071333e-03
1.970161e-04
1.420390e-07
3.186819e-12
